"Axis1"	"Axis2"	"Axis3"	"Axis4"	"Axis5"	"Axis6"	"Axis7"	"Axis8"	"Axis9"	"Axis10"	"Axis11"	"Axis12"	"Axis13"	"Axis14"	"Axis15"	"Axis16"	"Axis17"	"Axis18"	"Axis19"	"Axis20"
"adam_F4"	-20.4197022428587	-14.0754303164477	12.2761953116797	-8.20913759858108	-5.8375616234758	-3.3141228808378	5.82591750067758	3.87852072512518	-2.51926307636304	-3.94581717117495	2.67486951290932	1.64272508157287	10.5068896680525	-3.42732049147402	-4.32222834248844	-1.85206442756688	-3.41301053648124	-1.48954971980177	-8.77985707597565	-0.679926208746292
"adam_messerich_A8"	-4.15398217202145	-5.77222252259106	5.44859339444886	1.73942654344894	-1.35276027245133	3.39685478678052	-1.52300550932069	-1.28169958086461	-0.121337690249177	-3.61676807633647	-3.06669546253033	5.62858106289642	-10.7612306761424	-4.8254349005057	-3.45730240876663	2.37628368340748	-2.55155085216407	1.45922459636327	1.38664126750654	0.358568735653391
"adelaide_d_orleans_E10"	-13.133812560186	5.9513846184801	5.85133458465084	2.33258826402049	-2.88567555534104	-16.6613360534643	-6.89838352283938	0.986929781392685	-3.19347517519417	6.22428171026159	0.611704064004281	0.146787828568742	3.09140861731018	5.13544209867703	4.14796315708573	-2.5848418037859	2.31998192967255	-1.30248214660203	6.23549013107398	2.15773665918041
"aennchen_von_tharau_A2"	-5.16735102007215	1.29086722094387	-3.18876162508256	7.4205988079312	-3.67982524099461	-0.24833884364564	0.605435380918816	-0.265817228697219	-4.95260114281651	3.37581703067166	0.217294570447384	2.22269112697054	-3.58730843597699	-1.22427149041377	-3.06662877741128	-0.586895040296055	2.60069814274287	6.58086337653597	-2.01911389061154	1.91400041640258
"aglaia_H10"	-19.1474440206771	-0.277777059738915	-1.08883063942804	-13.0097696800056	-6.60741857944329	10.341523142595	-7.79662588030407	5.90443766408053	-3.3041081743059	2.89103585796835	-0.287123178368321	-3.30816545883182	-0.532535119305044	-2.1588210576753	3.86104606636634	-0.372924514655706	-2.53434831623156	1.197777932646	0.154281550412831	-0.702650619208799
"agnes_A3"	19.5187853693663	-17.9105299019945	-12.7829515516004	-4.21534619264555	-2.81759695893965	-1.87460505071265	0.937240053275391	0.0208208181113854	3.94507470767287	4.96144625662675	-5.6553914952814	2.19277426786112	1.90671442436159	-2.19559798673225	-0.146781077414429	-1.74236633548117	-0.240018538249505	-0.273594474142244	-0.000289578034205202	0.621569887759533
"alberic_barbier_H5"	-18.0598361712609	-2.13946126303121	1.60065708115218	-16.3259288148268	-6.82043273521446	10.8924491105419	-6.54806064876634	4.34076035975567	1.14260246731421	0.70291731643216	0.996465995796847	-5.04778827692553	-2.82528549316273	-1.95999309505579	3.89564010219309	-1.09474790548792	0.380378757704402	3.40978100932554	1.25601065500612	1.0668992641462
"alfred_colomb_C3"	-6.31185236138566	-9.10934920401877	0.255651580054859	13.3750193405817	0.483996354602982	1.61688060094204	0.149403306544908	3.41953524472135	-5.30019774156559	2.79469902016724	0.866697324158907	3.00954159522648	0.290703551904519	1.04192520892072	1.67660797858485	0.176090644459242	-0.00769693106233041	0.443627868978013	2.51220358481289	-1.9325036891748
"anna_maria_de_montravel_C9"	-20.8891412191116	13.2434439700013	-18.5125318239585	1.21645302820349	-5.51661543293971	-0.483130163095017	3.33494051099939	-9.98696734310818	2.39455872367902	-2.4160008214227	1.32386713602087	5.77631891152492	1.4690705047174	-0.746227143390113	4.55112498376891	2.50541974914602	-4.25814788249483	-2.102873935658	2.15914075596185	1.09608889604894
"antonia_d_ormois_C12"	12.7580040837622	8.44797258900168	4.97171626157763	-2.10997611630405	-1.13402526230873	0.221955878957408	0.958951811495731	-0.797310289563899	0.108768848032743	0.661926112365501	0.0689792156994271	-0.860632162836419	0.475861214354326	0.863071245638559	0.933852447283946	1.29519831889676	-0.0954079498398589	-0.600700187456852	-1.40559543983003	1.37406738740248
"ayrshire_queen_G1"	-11.4228457902507	1.74011693939567	11.8043681455271	2.30773230207737	-5.48932265655071	-12.5101348728487	-8.51798103428706	0.4299685978818	5.72189290405385	3.1181465172693	8.45506912928307	5.90981398139448	-2.37626725855675	0.1057493842441	2.30781132218493	-4.72719637318379	-0.287482650094894	4.81112036303568	-0.225715918757016	1.63202511451913
"bacchante_A5"	14.3981753724515	9.96775290004114	6.42976477865641	-1.501926555085	-4.21612561941548	0.385529445720769	3.30359250162614	-0.189171598776402	0.243673822189221	1.72527037037935	0.223598509304025	-1.33526591216889	-0.368336411094705	1.09016557602378	-0.003645079387518	1.19670522840771	-0.321628623092522	0.591514875941154	-0.397694395919113	0.129549897111807
"baron_de_wassenaer_D4"	4.0130167908985	2.44747110262913	-0.546723433302305	4.68993627426366	3.55408803107319	1.77825941170377	0.0302989263070392	4.25252377744451	-3.93658041640817	-5.07950441379066	-3.12326561166571	1.43223949642471	1.75261354751738	-1.82627597744069	1.76175947117849	-1.01087500146519	0.960518620089292	-2.49621422805981	3.1277178877639	0.72061117459674
"beau_narcisse_H5"	0.963977969247968	3.01762472227558	4.64199696450431	1.28570392655458	-3.1104652757911	-1.1896914867362	4.05304818492913	5.37902933030032	1.11705789132179	1.7306467077816	3.43293515680164	0.825909828558567	2.05980240441838	-1.94170037932411	-0.0495090431416425	3.21594432106485	-0.193171928087034	-0.442929257109636	1.12228997058092	-3.85243822262128
"belle_de_baltimore_G5"	-7.50178310634962	9.69320922938865	3.69648316905893	-7.3715695133416	16.3210923061835	-9.31652428734457	-6.92667080517022	-2.38146214257996	0.666116671629838	-0.350499668481046	-2.50238978175613	-1.61844723520149	0.874075257305807	-4.33716959282949	1.64334088516468	0.590785320379557	-2.20765475679437	4.65332239400448	-0.00421799666075019	0.88804213598233
"belle_helene_A7"	14.6907451495975	9.82072916198883	6.23685428211906	-1.31029192716511	-3.77176457506549	0.705208772741993	3.21238626132101	-0.247213380651971	0.0551552642196547	1.99628881793382	0.231947974858894	-1.54091279828544	-0.50807543583245	1.01377820706535	0.187816342016244	1.11279876076207	-0.375066125310588	0.440585470205435	-0.55118493612605	0.393126519026053
"belle_herminie_B10"	14.2788592354648	10.6385951568617	6.65303510571422	-1.13197890781861	-3.80006715345259	0.173084595317858	2.29787018525264	-0.29209058971813	0.296682901616783	1.13181197364715	0.337240762103178	-1.43399594674326	-0.184836343824284	0.494619796176535	0.187860462702945	0.656636310233301	-0.379928291093519	0.104776369914266	0.770310557608219	-0.401660325953207
"belle_isis_F7"	13.4793193233779	11.7555249878046	6.74414653520077	-1.7953180110878	-3.51083589628991	-0.708260025306972	1.17721080476389	-0.0121868815961348	0.0647886165755431	-0.428238212733081	-0.37466399917181	0.141810948510379	0.262502007737419	-0.524670786435876	-0.31845991127726	0.716903438858536	-0.324558518750458	-0.649231845598525	0.462298922494996	0.00486223541476115
"belvedere_G8"	-14.035213281319	10.2353200660735	-10.0482125969923	-10.1981442617402	8.72841178755288	5.74553054471695	-5.61302786475288	4.68311523821229	2.92828108561069	4.82701630288588	2.4273615921487	1.47155070690407	-0.855234475398972	2.05882073665108	-4.53292947864169	3.36165419967219	4.99279775310237	1.19306077371159	0.695133021755216	0.258359989781544
"bijou_des_amateurs_A8"	14.1790728945227	10.3161728500078	6.43683519648315	-1.11672275342533	-3.83896028033039	0.144263158951693	2.28016943938637	-0.488184053349509	0.0131520139559536	1.54297216941269	0.179007622209023	-1.38747075017982	-0.332343932750328	0.121759647074601	-0.468878648525653	0.963828715384833	-0.627924293444092	0.0584751767977001	0.402846305092223	-0.436056173076335
"blanc_pur_G4"	-7.42867236841751	-13.0729165828368	9.96151364299502	-5.29927887129242	1.77579164915978	6.92542068993482	-1.50990085882404	-8.11885814503908	-3.02812084188306	-2.79015114672277	-4.43358688301541	0.768400919757376	-7.94300816147545	-5.61103305705248	-2.91369134591672	2.53789183421776	-3.69249620267454	1.74876096196194	-2.01388293292517	3.79292962100817
"blanche_moreau_A9"	15.0046245270782	8.66800243797879	5.1337887224348	-1.09614646906875	-3.68718461424264	0.579149904990553	1.64716705703285	-0.557404667352902	-0.166653992877228	0.936593504928841	0.582947926057612	-0.603362813479837	-0.340114948050342	0.921137853827464	-0.380235191113129	0.451316972981542	-0.235285872979014	0.0389325187999653	-0.547453484780436	0.651140004824838
"blush_damask_H1"	15.1197834714619	-0.0678091775523528	-0.29918649750601	-1.26489687767472	1.38541194937252	0.907962816379681	-0.237141021584119	0.34557146573598	-1.17838651880784	-0.924438560949335	1.11744509263484	2.35518724819551	-0.864215022250986	-0.769064072720507	0.390567729372976	-3.05345732189034	0.921980476913594	-0.585979791486255	0.983844660688778	-0.130022674985356
"blush_hip_B3"	5.04062054868021	4.19284289367228	5.3467192463887	1.60621270504473	-1.01403328817708	-2.30402875440735	0.534993055243906	1.63113498540185	0.80956506305726	1.75530750112897	-0.0441836613889409	-0.575965653619468	-4.75167010788463	1.58330772808529	1.80929078221649	-0.148675193876726	-1.45960531014531	0.641120784410927	-0.705651787907159	-1.51362253599038
"boula_de_nanteuil_A11"	14.5560961538693	9.8837159108667	6.21831751767396	-1.27698455017469	-3.93093198487696	0.794066477186807	3.10946729519641	-0.30832315384728	0.0970563722596221	1.57923501138387	0.176005870961037	-0.99200234317349	-0.642699232118653	0.726277771817012	-0.210077783714174	0.928355483846261	-0.237997940453424	0.238479128451642	-0.736317007737222	0.271451871628358
"bouquet_de_venus_D6"	13.977445314028	10.7636714088807	6.63628672196569	-0.965480941369621	-3.78281496856339	0.119465186417293	1.85714353241096	-0.486077504811964	-0.137972160409387	1.51594804395812	0.410424389430799	-0.988433381855631	-0.0698384793955638	0.34226225019481	0.213260264393977	0.564612922962117	-0.166948310177659	-0.172284071168792	0.917088413960133	-0.0931667899188384
"camaieu_G12"	14.3158535279276	10.5895467786047	6.5249838029128	-1.24365527951741	-3.90846814857618	0.28700727301057	2.46147540682808	-0.421983867861952	0.0917134426764412	1.24957150410879	0.443832401405094	-1.30381794452126	-0.505472172911085	0.326751370798636	0.157191794482626	0.800454445305693	-0.617927656972584	0.0466083458910096	0.149318447260048	-0.214786793334255
"capitaine_basroger_C1"	0.99080263115954	-2.36456912535133	6.04789036205438	4.88978639373507	-3.22145692320539	0.307829578264263	0.747697868945946	0.241722014847486	-1.7227039627666	3.58226981457254	1.4018140392149	1.97988518795015	1.59391715907655	-1.79379977835651	-0.506767450253675	2.00219701523641	-0.1453553251202	-0.192864076009208	1.46723640723808	0.032747503480183
"caroline_banks_A12"	-8.85583541188325	3.28926629786751	-6.12629740534535	6.94346648216465	-1.89051459343434	-0.109708668073398	1.75081586850496	4.18737267038304	-3.36000659960417	-0.581966849459255	-0.480916561463275	0.543470659344261	1.67399776052463	-3.19709949456697	-1.32950504824065	2.49876284837582	5.73083541064794	3.15478105817278	-0.285183148074793	1.16684531440883
"celine_F12"	-8.64309628761588	-3.96859803983389	-4.6589678729283	8.82198934475638	6.80710181003821	-0.551741724496201	3.21425943540584	8.6592730475439	-5.05653991328724	-3.46020901596125	-3.03103811242197	2.19662708079203	-2.33448220296686	-0.658025740899529	6.1302079083874	-1.64527385878898	0.152363806581308	-0.255551754014066	-0.373077810601544	0.365102845598603
"champmey_pink_cluster_B1"	-19.0892153785535	1.19097056942978	-3.78380097110266	-0.570579041923506	19.8258188794817	-5.23963680896133	5.17084139055165	1.7392523757635	1.76380395708848	2.6835405286472	-1.45519344121809	-6.07944963530603	-5.65679338525656	-0.394335778179314	0.837371892639233	-2.32205189728922	-2.15150992726874	-2.29473098050427	-1.76662815330825	-0.892926739823209
"charles_lawson_B4"	0.512593675922542	-3.52749169341197	4.63280239123803	8.67761969849588	-1.07773247193182	2.2624041617563	-3.51670975856112	-1.28634618578354	2.58717314207811	1.68133256621645	0.739391807454018	-0.18057293499843	0.463373781595154	2.8857744648392	1.95009350755434	1.38515130097727	1.74401423651706	-0.357817742684125	1.40292822218214	-2.01803569267142
"charles_quint_B2"	14.3219024503959	9.60974128415951	5.58063929634069	-1.9489799415804	-3.52627889437235	0.270121666662673	2.40827941118039	-0.472844190113476	0.337035742900047	1.20182912505132	0.74524849319343	-0.982997558313715	-0.467710332373737	0.696490976866828	0.0362926027579897	0.671908480499833	-0.617137751872611	-0.365310374141593	-0.437687024027932	0.087690314257245
"chloris_F10"	13.5509252036041	3.16935224318596	-0.447734383226703	-3.17343190051081	-2.49741847689682	-4.12097111338908	-3.55645126027623	-0.00311271274471188	-1.04427148034305	-1.93949425787863	0.965683158916394	-0.391602418190673	-0.632675262438116	-0.257338617851129	0.276475077002156	-0.173863627691205	0.039283514374152	0.583693813555556	-0.0444511310873165	0.427668083797188
"claire_jacquier_F8"	-15.3488369261419	-7.96815695830979	7.1489197589726	-13.6832349153173	16.8525514484128	0.487416053843712	2.15150899296486	-3.67441950035644	-4.67671438948252	5.0766772039127	0.0448532307561626	-3.73501504919342	-0.246334634673359	1.28399363025444	5.78742822095306	0.360796240301641	3.18987601574728	3.3560798544447	-0.986643134346361	-5.70958686612296
"clementine_B4"	12.6874188547696	1.71506059514574	1.45070135848847	-2.78600690008747	5.46806063345334	3.27695591392404	1.07473060786173	0.228922549583497	-0.6539509715423	-1.56859738999714	1.6464442694618	1.31173485525696	0.96508250381224	0.69851447145837	2.21171899610607	-1.30852612847621	1.31659157127205	-1.85508465880079	-0.474971948767086	1.78439131334302
"clotilde_soupert_B11"	-21.8584209866984	9.04492911803572	-14.071982380682	-5.24838429193186	-6.41759442227611	0.799926412281069	6.17221743193767	-5.651507570544	-0.487622349458517	-4.94396244506827	0.648609607241753	1.82177608043074	-0.656694259189354	1.319195262503	1.06975583795707	-3.08405145996074	4.08023679208253	5.00753444110324	-0.42197309279003	-1.25591972664808
"comtesse_de_murinais_E10"	14.0068911476149	-0.906132080755546	-0.126397421815629	-1.92528704522331	6.50248028499734	4.0252968213407	-0.13379704432495	-0.252082689444383	-2.33852843702669	-1.52227745551977	2.99795935943237	1.64920169767405	-0.249010930558337	0.110801398351744	2.14593394166852	-2.20181337480071	0.363245836146255	-1.13806508015024	-0.218982411834162	1.79761796959217
"corporal_johann_nagy_D10"	2.27080754245274	5.01853529259299	-4.39731375671471	4.18690082661004	-1.55344418507852	2.93723683302399	3.72904383429702	2.74499970844273	-5.39127545294779	-0.0517225101214157	-0.68562599985114	3.24667670323947	-3.63507111024618	-1.57513759299915	-0.886682197697504	-2.35080004252078	4.72383906558353	1.81348648148743	1.05528164874658	-1.18604397292807
"cramoisi_eblouissant_B6"	14.144461963602	10.2809505596157	6.03472002578148	-1.15963497618936	-3.36334688144795	-0.118106717898721	1.37702245942548	-0.0156791446499987	0.437724403292115	-0.766418357567443	-0.44060318620013	-0.778528654135129	0.048131358754688	-0.180179695713762	-0.619745548791504	1.32215690926322	-0.604726810908023	-0.449652651244384	0.829839674477603	-0.5995173725293
"cramoisi_superieur_B7"	-20.2908939618123	-2.9552010637295	-0.247120953621591	5.40954179253188	-3.84505771692819	-5.98677001836835	5.55100972291113	11.5330505287113	6.32726768913174	-2.63448881611367	2.28170409810586	4.34942159751865	-0.474148875328142	-1.32768941358622	-3.53094598478442	3.51359341094361	-7.29897901155145	3.43763027713509	-2.93120521482775	-3.50710368261796
"creme_H3"	-6.51639159634394	10.3251374786954	3.86272973850107	-8.43967811813159	16.1390690488946	-7.70623168702236	-6.47873296472611	-2.97558945123231	0.546677813214098	2.83661647278599	2.1657295515568	0.803585917501064	2.55649628492936	-3.66318863554885	-1.03001225605828	3.16010831425612	-0.285284248671121	0.620336148712666	3.83834417746675	-3.72216732652695
"crimsom_rambler_B8"	-22.0593214640452	14.7083046796071	-19.4715376118396	2.39751289423922	-4.24871156526851	-3.81392579525623	6.24428421163799	-3.18787872142933	-2.04285669932658	0.725954007244284	2.3880994331931	0.36713309906553	-0.257699374453518	-1.63438241364851	-4.05601009046781	-1.91640061543633	3.56424980740749	0.402340512413225	0.261718833518325	-0.559735995691711
"crimson_globe_B3"	4.95410616865909	1.7485936767341	2.3328572697673	4.3892951323773	-1.27115315423437	0.642064716630172	0.626987884838696	-0.208934012581822	0.0469261828084576	3.49072956286813	3.18119834326025	-2.61353636407939	-0.233804760165216	-0.351009803305519	4.51543996361169	-0.311829824730303	1.2641873401671	-2.50357364889915	-1.34424610602718	-0.570701169561809
"dawson_H1"	-23.3621646061604	10.6105254092157	-16.3055053768358	4.91563155747398	-4.80729626468322	-2.60233750397392	7.63854884153007	0.650947663474733	1.0950262572234	-3.11481877653347	-0.835283976983619	-3.60653728806984	1.23675931582066	-4.23660795707942	-0.123073689462749	3.02310418086188	-0.805684111778012	-4.50875559164162	4.59153009891238	-1.67257853444252
"delille_B12"	4.10212756715393	1.1478183793763	2.47388453664455	0.741992542169991	5.64055307148947	1.16280515231606	1.1168822264846	-2.09617476276293	1.51856234052337	4.0365684698817	5.14076465104083	-2.71134890462629	-1.23876371691233	-1.7471266882341	-0.217059377278313	-2.21778588944695	-0.278688033338792	0.0890603753722111	1.54326894258477	-2.1237553440475
"desprez_a_fleur_jaune_B10"	-18.2623559939007	-9.49776017015662	6.61723055235045	-7.75591148040519	10.3061621086055	-2.86935822814013	5.15485532879455	-2.73726971312247	-3.64576898291293	1.86874350232082	-6.21676518042472	-4.38701021363069	-4.86927615552942	4.03574128631342	-4.28712206848491	1.43962020743384	-4.67964930071356	-12.7330358103965	4.41216731720972	6.63188791996323
"deuil_de_paul_fontaine_B11"	2.264880417104	1.9469450939621	3.23960937358346	4.59907744282685	0.257402811189318	-0.0534280824651406	0.7463112269966	1.47558535465954	-0.347634456894985	1.32931856766718	0.227014796936509	-1.92724532740751	-2.432155313291	1.73871612696591	-1.34847836775554	-3.56955655182219	1.51297942356216	-1.56979574920206	3.79689587276752	-1.84912871686269
"dona_sol_A1"	14.328051409802	10.0808067945957	6.57375796457667	-1.26154070771003	-2.31484376033435	0.79962410699176	3.05101730531149	-0.56149998493629	-0.129618887075792	1.78104751383162	0.815510152096244	-1.29651678974041	0.287445600049645	0.354645126691999	-0.0318398203294145	1.16433605705653	0.0851639445919233	0.571471965635778	0.458055340356123	-0.456127195780144
"duc_d_anjou_B12"	13.7611398984292	8.88949337522183	5.29421380386226	-1.23684849067212	-3.72775380148254	0.140192592604667	2.93980497810369	-0.341709151479325	0.238278628278532	1.65109923911183	0.358924773144918	-1.63422680598436	-0.418365152649429	0.843947053288161	0.0853917874725291	1.37889023116724	-0.0969092539841225	0.234657542371557	-1.0727776206107	-0.0327772186015821
"duc_de_cambridge_B6"	4.65858192930188	2.51551164657664	-0.35336762864759	4.95622169385442	1.1863045198022	1.12237539146649	3.20005849217387	4.6847173604542	-3.82656135203087	-1.97319118156036	-0.706999834390726	0.359099879259054	2.34800108363898	-1.15714217993923	1.38467632664703	-0.917354286833966	2.04806081933145	-1.62257602266832	2.18585743330941	-1.75183509995762
"duchesse_de_montebello_H7"	13.9581756981367	10.450655613973	6.24844604881698	-1.68360944297379	-3.86463849928551	-0.277173425661769	1.88062322047979	-0.720331199888184	-0.282783411979026	1.55162086769489	0.558581055033249	-0.878435455267441	-0.41050748262828	0.114931529772855	0.391457786308875	0.906235660612998	0.162169928434864	-0.197632641021772	-0.772772870915738	0.132650135417856
"duchesse_de_portland_C2"	14.3150726173412	3.21960603537714	2.58826987415374	-0.698117551221555	4.04230993925743	2.93599460190298	-0.575964239027443	0.59303681518935	-2.3753512783926	-3.57153595162166	0.513430999062638	4.20533802810527	1.70620939016382	0.509261131129977	0.27502013527105	-2.74366096373392	-0.675210577712628	-0.621044948872698	3.17641051627193	0.62287486560391
"duchesse_de_verneuil_A7"	14.7631248890419	7.39223700688981	4.98892057777028	-0.938619239050695	-1.36375195515828	2.53209308956663	3.30809491870173	-0.0665630075977164	-0.545724303882467	1.03941481269524	0.977438953539384	0.364581504127237	-0.109104475485628	0.907600339646729	0.144070412513263	0.0720839151023132	0.435569018285365	-0.225882894087251	0.0941964909283	1.24971126133308
"duchesse_du_berry_C1"	14.7649221285672	9.58478776365002	6.15292735040571	-1.31844609676842	-3.83411155480824	0.742171816315543	2.97776501775073	-0.353994807477233	0.18883136830151	1.51511476823757	0.296051050870529	-0.965402913448034	-0.136213607223675	1.06272516011055	-0.406457266098115	0.963693729003569	-0.404918143397173	0.153030711579381	-0.37015769200141	0.26637701013501
"enfant_de_france_B10"	2.8579773667155	-1.38445990824966	10.5872466648502	-5.55336397839193	-4.45801652381839	1.94829918655042	2.13551161087904	-2.34884665945449	0.937971540855459	-0.393608841582374	1.01295137788925	-1.66115760788044	-1.80260638710851	-4.44499953415627	0.792480451270214	-1.16370589785379	1.2192064902417	-3.81633969875305	-0.377048276320859	1.34799253918002
"ernest_morel_C3"	-4.59231664075088	-8.42936498256564	3.80744949213323	14.443792643003	-1.67020696064397	0.192791628231551	-1.62815767238196	-2.58057712352151	-5.77491108421557	9.22625845805462	5.54625334855599	0.677516694585803	-1.93358011835041	-0.764650605206767	2.36914093588692	-1.13281535700412	-2.156400056258	2.82661629633595	-1.78196160466294	-0.686508324222086
"ernst_dorell_F11"	-7.15841178776207	7.04884936889777	-5.81705110031292	5.24086581219439	3.26882654357896	1.34854319339742	3.72249944336928	4.37234164820742	-2.52549331214583	-4.39180454847671	-6.20586263054771	0.702899493263361	4.96570102052623	-1.71473681829178	0.223222923574388	3.49503234374532	4.47710849137557	2.65014636110065	-0.479101233480827	0.549856684801264
"etoile_de_lyon_G11"	-18.8405514318773	-20.3807338874952	18.5065094762513	-13.1777658007381	-8.03630883500618	3.00180519950521	0.25818166177281	-4.99931910230189	-0.691755600223088	-3.07542352016184	-0.666899155251789	-0.139768021519717	2.01107194469466	-1.71267701286029	3.62725623958072	3.2114473915528	6.78862577079952	-1.64622323482389	2.12184831399228	0.385731371995963
"eugene_furst_C12"	-7.30780353405367	-9.46829457727236	1.92417544030817	16.3985822796531	-3.08114616286861	0.0521908551823523	-2.38599614082771	-2.22303178098931	-5.94606176249325	9.16694300496645	6.04355186931104	1.5783638432391	-2.61525231304773	-2.63933181559408	3.4076333848281	-3.01967072179634	-1.54432925097496	-0.487355553594077	-0.733594232623658	-1.79002171229422
"euphrosine_G10"	-22.9153604541859	14.3649121790047	-20.2940741896781	3.9188823646035	-4.67611370729573	-2.24789131819091	5.39435959492193	-4.00646487065399	-0.440414806490899	-1.45189417397537	0.374709780965873	0.593569924849783	-3.18724779888459	-2.62823556666674	1.60965503861065	-1.37532950463146	-2.86588205971693	-2.7755260833746	0.895716148418193	-2.0746195681224
"fatinitza_A3"	-19.905568936222	0.619907928934719	-4.44156018222176	-8.3995470624561	-6.17187729502477	0.0238534008909969	4.96292288231096	-9.9305190410962	4.0471414038291	-3.32911633926141	-0.552357921408128	-6.52342161720155	1.76079966051808	4.56117125458697	-5.18296960380974	-6.17030622125813	7.94177183403102	7.83185559525625	5.74763720112274	1.77795218472526
"francois_arago_C6"	-9.49073252414365	-9.74864977323823	3.93528121459183	9.7587699847677	-2.70719077245236	0.665165633862165	-2.75943190191061	-3.44283915654567	-1.69677817123194	5.1487978289469	3.86068768809579	1.29268271801515	-2.33875028357176	-0.99889813300815	-2.22548687865084	-1.20536174254967	0.124416131274562	-2.03294681537895	0.536157265627506	-0.0810156462156507
"francois_foucard_C7"	-20.3190087672172	-0.111092943690093	-0.591443937874629	-15.204920142688	-6.20840815035353	6.99161344073829	-4.78244091327474	4.82514913058974	-7.83026860393932	4.2723220209622	-1.51895390759999	-8.97901690247864	3.44510327993151	-2.27243960063734	1.23611369485501	-2.71861693188907	-1.01814961172755	-0.698952557004588	2.9530595456922	-3.11996642223705
"fulgens_gallique_D1"	-4.03467657394498	-1.86353832941908	5.11776334996155	-0.853150225577255	0.218452132175722	-2.44521859030906	5.20049812466696	6.35187991019169	1.50558149950773	0.851580176927614	3.10287364371123	5.48363868313393	1.14056847276105	1.79532847402499	-4.29927117401039	2.67002327534448	-6.83072522202121	3.14393030883723	-3.64401872048299	-0.748157641049375
"gaspard_monge_B8"	0.725843501605104	2.91603535599891	1.25385942345731	4.22961351563127	2.70103594009427	-0.470939334716852	1.73417443102456	4.45094380181553	-4.82285319723199	0.204164037140178	0.155079444403434	2.96441291127184	-0.895030116267227	-1.08459629437342	3.86464839768946	-2.06309233426198	0.123112583628678	-0.4461901966424	0.936348575669676	-0.503958405976748
"geant_des_batailles_C8"	-8.4169955013619	-5.80418217616633	2.44930327735381	12.1771183998377	-0.882033654610979	1.87644626053897	-1.54615271311788	0.105018880878375	5.00358442773359	-0.745664146044138	3.39869685396307	-0.719997904895049	4.41862362572014	-3.22240683593362	-0.376133659520669	0.206903682158435	2.7759280880225	-2.43958015302212	0.473675103092835	-0.464578158031384
"general_jacqueminot_C9"	-5.00640807967151	-6.73547387705857	1.86674849114678	14.2646111107258	-1.07570648031823	0.765772681526543	-1.64347282762381	-2.81878156266872	-5.59500577721276	7.05989435208736	2.55762647011851	-0.441555394417155	-2.59383853818431	-1.39431855768554	1.25978555891125	-0.17411554250502	-2.33631423882923	1.74708356851752	-2.85183612346995	-0.47830319794455
"general_kleber_B7"	14.0936694405194	7.76466669001234	4.63118621350528	-1.94823029860942	-1.46842418179733	0.71041768614544	1.99971815394695	0.615453633030772	0.584114730189157	-0.116291557722232	0.996843775194298	-0.200881696458256	0.267741043283723	1.4257125426772	0.378095113645668	-0.358955399670938	0.204324588018595	-0.414900237226687	-0.378635305844224	0.160762417063761
"geschwind_s_orden_D9"	4.04226940734101	-6.47649121881108	-5.14174888758836	1.57866731715021	5.71056998128242	0.821083652671267	5.43259342941137	4.2474041078848	-0.63815449188617	-1.05277137114074	3.12284660418226	-3.55073532758229	-6.02505137459567	-2.09609831980645	1.97923347502524	-0.511405832848484	-1.13875348359474	1.4371891148497	-5.17126707541758	3.41020094692724
"gilda_A6"	-3.0872779892204	7.99495910220494	-5.29342432892595	2.77773979735768	-2.44961765425703	-0.12984335836519	3.7055700175552	2.61006470224404	-3.88551970097951	-1.14748197469467	-1.19274331172796	0.426495836433628	-2.41923580957938	-2.37679905988735	-3.1243791660429	-1.88598304740985	4.00848458090105	4.43420918679467	-3.48182688710824	1.41554162933938
"gloire_de_dijon_C11"	-9.62174105705272	-9.55598906164586	8.12329976790749	-2.8048255482849	-1.10517814532934	3.53622562861586	1.16505850190764	-6.43114636470096	8.33704364592123	-2.00214301974523	2.26375445953153	-2.56875629405875	-3.53964016177397	-1.04251905546383	-1.11876841164617	-0.702780229393865	0.0102164908323346	-2.47508856289002	-4.982965770251	-1.47149147776347
"gloire_de_ducher_C12"	-8.7325149135091	-4.99946818342667	1.5203551754166	12.4577917203181	-0.593453854581596	-1.60374676841329	-0.288263478475181	0.146325073254319	-2.09810550560003	5.21436760033507	2.47136063556056	-1.99952355023062	2.50324908875754	-0.200288575641084	1.19313169441624	-2.17580742296561	1.80754403155536	-3.04919720622336	0.830510669279681	0.550610926578759
"gloire_des_rosomanes_D1"	-8.87907151185082	-8.09535777437609	0.37933455667454	-2.0772304003488	7.45549259157967	-3.29573155010137	1.9027891904241	10.2083791832098	1.33646051480799	-2.94412728182347	4.39039709801152	9.53014888674494	2.28407198487933	3.56947871882552	-3.23055439979493	-0.172277439516697	-7.96321482032582	5.19906097921132	0.262083298882942	-5.31136957246418
"himmelsauge_A12"	-3.88503930911412	13.6591147180413	-8.07289158567592	-0.291105512969329	-3.91983510931604	1.01277487336343	4.04202065232204	0.782842934934045	-1.67966587008844	0.070658445062179	-1.0793632687838	1.22380338363887	-0.550598463423105	0.180148786342624	-3.65395097237337	1.08936994224295	6.7859471527414	4.851206574721	-1.26668986395736	2.14436589761311
"hippolyte.D7"	0.612063547722148	6.74047955827251	0.874671343088322	3.18898166114849	-2.82121545565249	-1.40919558244741	5.39243526601499	3.8071300705905	2.30384845777891	-0.0141132930389744	0.259425944180086	-3.28544239384334	0.309277282435296	-3.42046740631936	-0.812174901267137	2.89231800155223	0.446250461250602	0.0736941622622451	0.227081204019336	-1.10823992541226
"hovyn_de_tronchere_D3"	-17.5164401512009	-17.2542689395394	15.7781729512463	-10.7449533981064	-6.23264010855919	0.892479527229625	1.76088392648669	-1.3686213470584	-0.244245400344021	-3.2450026291221	-1.29127813156995	1.47910270413445	0.0562786470987279	1.88015965038015	6.08767946252022	1.43487366292232	4.63866566578731	1.45454875077392	-1.20453022582786	-3.92740737770811
"horace_vernet.E7"	11.9663957748082	2.84426411714615	2.79231065056365	-1.88625651117431	7.33985285107015	3.29548111713481	0.116518058712223	-0.273374612825799	-2.77406130412943	0.0950445069206699	2.8881158506132	2.41970157399528	-0.463815720940145	0.58393888896761	0.758269696584304	-1.93642097912941	-0.119904531976817	-0.115078078224171	1.17122060937342	1.12898500920301
"hume_s_blush_tea_scented_china_C7"	-21.9527328752216	-13.54071092134	9.24240345910801	-0.738408039929531	-6.69887907644064	-5.62938458717013	6.25538775573478	2.30169983612612	4.51237148957447	0.505462566169431	5.30290063454277	-0.0302029317081097	-3.13822507833723	-2.29175935714879	2.15339983318351	5.17172806805295	-0.825351983436322	-6.10966225232105	4.59977060785558	5.4057747299137
"hybride_de_rosa_wichurana_H12"	-19.6322440934627	15.8327519085323	-17.7397504476502	-3.06371611451798	-6.36368767232093	5.73974653566258	-5.64851141206985	1.76952986726348	3.04605663212461	2.29785419777371	2.54561161132886	-0.630900005320796	2.04604602416446	-0.0496303140644825	1.6894154694846	-0.916141623210948	-5.19558522993942	-3.67620440819292	0.983063792382315	4.69438540354419
"imperatrice_josephine_E9"	15.9373170072248	4.07292913945242	1.32814276307785	-1.79465840329697	-2.67533606765414	-1.52981545347837	-1.10647596002904	0.800042276947802	-1.37755101860103	-2.53146952891874	2.02493132264617	0.800116594466059	1.475894807606	0.358858745497184	1.2949187795718	-2.41127387065291	0.659671642492573	-1.43195824834516	2.56901103544136	0.21947442992038
"indigo_D3"	14.2451432602297	7.48384379353311	5.13027781769122	-1.77120173959332	-0.7047310602776	0.983727426823516	2.58451772121824	-0.667763266433216	0.696482171457524	1.40705919550392	0.482656928173477	-0.895863781721539	-0.375114880494794	1.94439535677893	-1.78713773053866	0.921336848778561	-1.13883029576666	-0.129558614363326	0.548406351452993	-2.01335354337703
"jacques_cartier_blanc_G1"	1.59419870042467	7.19695435606633	3.12161490691818	0.564996192783085	5.08612750494146	-2.26981598465655	1.60172382403579	0.596648067011642	-0.640514801497531	-1.59948294454889	-1.27332810511453	0.470579740656611	-1.94020477426578	0.103990261968754	-2.75872583919476	-4.87461022866035	-2.89394952957169	-4.25047060339509	-0.782714320608589	-3.03525839288004
"janet_s_pride_D2"	10.7821745455018	12.004008034288	6.72117435162497	-2.61756157197291	-3.00059390949559	-3.19818516827908	-1.43692337071886	0.699318736652214	0.379298185247411	-0.269542463466671	-0.246758770465063	0.397012019566558	-0.536922048768896	0.140011544641624	1.15921175102963	-0.676662579001892	0.491720690013432	-0.47207516544665	-0.432496967700289	-0.79916168477786
"jean_bach_sisley_D4"	-21.0576258486752	-13.7600595290068	9.85271656125577	-8.29796248854927	-7.15010183808455	-6.03224421648952	6.93204469097041	-0.395743569284648	-2.2422858679356	-1.59283963195627	-1.74366689991259	-3.44043405936239	-0.385286928849282	8.13844093042309	-4.90542941839149	-11.0488676667752	0.399438626249511	-1.08464920544975	-2.60098760340479	-2.49340432906137
"jeanne_d_arc_G2"	-20.866810806148	13.8685165254006	-18.1298458965341	-1.74205065999825	-7.07978644327731	2.16403410542374	2.10859816538706	-14.119966745447	1.92449303589303	-3.52375571777944	1.57326258077402	6.26446070670703	0.852324023921355	1.17236697601069	7.8695618180879	-1.21020102582063	-4.72010114286147	0.447899756471357	-2.45288494550671	-0.302104185259355
"jenny_duval_G8"	14.4412181484142	9.88214088635791	6.15083755114447	-1.21701254371584	-3.92322291319728	0.814144784843461	2.86391780560839	-0.492901724346833	0.0651267588447718	2.03639707688559	0.178822730783199	-1.04467389235663	-0.326603546252145	0.901744346228426	0.139814218831655	1.12097199161047	-0.201821938584573	0.493643482613648	-0.555901398705811	0.110910678560364
"jersey_beauty_F1"	-18.6981330381996	0.224648778829311	-1.66572194205954	-14.7152036687477	-6.94972518772416	9.15294534919053	-6.18307448296594	7.87312769076795	-0.399985223030227	1.52576994284519	-1.81131046040455	-4.00600873525552	-1.83187551194851	3.89337083573737	6.65126588120658	-1.6579657908545	-0.675474205219996	3.77907833894845	-1.8546977186278	-2.59416803652438
"julie_de_mersan_C7"	9.17628272797334	4.03458948010894	5.21974416499205	4.03481460478674	-0.589585838280106	1.13170260412566	-2.39097258734311	-0.67125342992282	-0.644170843611088	-0.259615124210483	-1.41314673460072	-1.15463520854113	0.78203200473421	0.860893708382942	-1.11653905572373	-0.0471576252233841	1.1001811939352	-0.508826288872294	2.02816089415796	1.13363402866577
"la_belle_distinguee_E1"	15.084477653214	1.6864442796157	-0.0180029584320285	-1.5172292276918	-1.237660711171	-0.964762509751847	-0.532977262632944	-0.0346117513243877	0.169343734422478	-1.7105114304177	0.979297496576414	-1.64822368380907	-0.670662710740452	0.015697228923754	-1.38279037473274	0.103850631244477	-0.484469966140437	0.943237313214076	0.693467305700723	-0.399559579803055
"la_biche_E6"	-17.4010069735208	-12.0990670178916	6.80138696744649	0.010898948540023	-4.323608509805	-2.03902329592733	2.1923455207808	1.71279670235768	5.32086675496272	-2.58520766105296	-4.31887903692803	-2.40045429042314	-13.0767582929285	1.86811829678107	1.68472694786971	-1.89608941838077	1.44083769937113	-2.17194813722331	0.681217818456947	1.4612216144117
"la_caille_A2"	4.45453386226878	0.215334702722348	2.62467661679987	6.82394670053596	-1.25177274920105	0.959531514189266	-0.850582713541223	-0.891069132696832	-5.09456287260921	3.23189921290825	2.43513292826174	-1.61494330339806	0.569879419542934	-2.47826240426045	1.18694364912385	-0.830350957489201	-0.372034842528372	-1.3489606438655	0.05332315053024	-0.453093801306523
"la_favorite_A10"	-8.98813037978253	-12.360069358967	9.31733200718373	-3.02804920631758	-1.86130259148768	4.11979113464416	-1.25249099560011	-3.58976129110871	-2.71902676504126	-1.76955290843241	0.695451866274778	4.65437001899009	-1.92031883929989	-5.28841061282158	-10.3922641606183	0.234834167789509	-1.67681978507902	-0.847608344240935	1.90600953802016	-2.16062401330316
"la_france_D7"	-6.61367334422392	-9.74623132919564	6.33904946742172	3.56523989993072	-2.34472987142948	2.83763884456913	-1.41398475555908	-6.96774378885815	-8.27703607063173	2.0555529551611	-2.02545179205209	1.00280664331985	2.09102762941788	-0.999371533918969	-2.77437774638374	2.40426784091712	-1.12073484161405	-0.575502651803448	-1.63222434187629	2.77314506336076
"la_noblesse_B2"	0.690949614944413	-2.01964166362394	2.6791372252172	7.44261515799266	-0.480287453496477	3.45183621671083	-2.94614382763416	-1.15888118710591	7.38131191850137	-1.68960849740759	-0.103518064046078	-1.63309948433798	-1.82925832968859	1.17740834700152	1.79307486013164	0.569496837957064	0.202783809424381	1.76868421181543	-2.47798183812041	-2.82358577298982
"la_reine_D8"	-0.361688011525894	0.373839450917773	3.07933091013863	9.72377700697696	-0.143635864966943	4.07883890036844	-4.92549536937081	-0.413156887595327	6.34877083457988	-5.98881403811478	-3.53931916406404	0.193694419208625	0.333966324765273	1.31474270494262	0.446065338606686	0.00101582981284931	0.746465075985044	-1.10158542075789	-0.124224059929651	-3.77423479245458
"la_sirene_A9"	-10.1724245775841	7.69778895229786	-5.48730425299851	4.70067503376081	2.03149075688753	-1.62256694685288	1.20075424120797	3.30837791329311	-2.6476028898689	-4.74590783707654	-3.89607068357035	0.137778425767731	2.78840880452592	-5.46527389502474	0.220694208003329	3.40161952923177	4.65980820510936	2.94638465349383	-1.13654742954696	1.14890791573542
"lamotte_sanguin_D12"	-0.471951949706085	-0.869655037245315	3.95372927881844	9.03723980911515	1.29343541615922	0.805688232097997	-6.0514666377309	-3.86790560435642	4.82442170463394	-3.94925819265511	-0.750857698199629	-2.2072827382357	8.52064797518991	0.450626301942166	-1.15343297922874	-2.42778385734929	1.25313893114765	-0.113145324369828	1.07884852813479	1.41656506864558
"lea_F1"	11.6981789570131	1.67380704017942	1.5192398646982	-2.24536895258951	7.18095780868486	2.85841292666061	0.172249404317192	-0.060763604120986	-0.168414075418606	-2.05987335912595	0.917294895495279	1.45309674764485	0.198313146282164	1.04915307971034	0.930010253000113	-1.85529748742686	-0.340490757639767	-1.14479554963388	0.44406530976793	1.26923734897635
"leda_E6"	13.0378618547224	3.57845467753047	2.97884617314815	-1.5047018712887	6.26831712407189	4.10746672768928	1.14733664217875	1.11127138734316	-2.48034639606416	-2.26870682353777	0.796716777195276	4.23343831084502	1.63700829991172	0.833492699126154	1.22030576243361	-2.62260697155851	-0.0495613554029739	-0.908112213008484	1.86846715286275	1.1864577238705
"leuchtstern_G2"	-15.4775189334137	7.61763261419923	-10.1245054728582	-5.77366331879883	13.7374716227386	0.703051554419277	2.48863604180342	-5.47730403315138	1.72014500782274	2.17642410675128	0.902809827918451	1.84487402873762	-1.75371201409232	0.756030191794243	-2.65178549517328	0.726410090919676	-0.251578498958097	1.22418143222424	0.0850311842157986	-1.28796815802125
"louis_lille_D9"	14.6540080401241	9.77372324636824	6.10797704944667	-1.31623472127628	-3.95908556289625	0.493784933357571	3.02526770287561	-0.206024671723604	0.169322792398085	1.70112232806141	0.0477982373582422	-1.19264980061138	-0.371743666787237	1.04140209101184	0.104314851607924	1.16517606325924	-0.31904774990882	0.384653029520088	-0.466025592735407	0.443858432724736
"marguerite_de_roman_E12"	-2.39436138075948	1.31970830373149	2.87280246583221	8.05463274850585	4.14277135946928	3.89042508718709	-2.53202176600204	-5.25393330232049	1.94275184198642	0.916837307335591	-1.80369479508218	-2.65923882421324	1.5209435791951	-1.57348524135898	3.01097583846383	6.17859828687557	-0.817387238227604	-1.57200012497754	-7.56134036991484	-1.71175406673482
"marie_dermar_G5"	-2.26908867916201	-7.85705583179978	1.46592239995042	4.85560735131956	4.83407443949042	1.13798768052356	0.523603337375117	0.163774938977976	3.88117749868388	-1.27930694204801	1.6560216817557	-5.16191285618402	0.496416111639031	-0.969772580728573	2.75247129986592	-1.01987036282939	-0.0831687830023923	-4.94808108362772	-4.23582450029335	-0.259159160044119
"maupertuis_H8"	14.5613696586919	10.0325342558153	6.53852283971136	-0.395144688189852	-2.0228500472203	2.01634379496222	1.70888725586365	-0.249784044546405	-0.115214293948762	-1.05194654853529	-0.220218261445253	0.634364116775312	1.15950821684707	0.123928059218214	-1.08211270452804	-0.370694062825994	-0.72133013775866	-0.754457662237468	1.08835325965118	-0.398591260216482
"may_queen_D11"	-10.730853391118	1.25641132824989	-5.15639984139365	0.353377140431677	0.134043565444202	4.14425951571031	-5.82463119194115	5.59448032118586	6.74243883094373	3.12828030046352	5.98157882576409	2.48160636591728	-0.549990278582116	1.82156253764783	-1.80594664338289	-1.97660270486627	-3.1090448009434	3.65938481560712	-3.91244770964887	1.95295329880056
"mercedes_B1"	14.9604673231162	9.38843303380512	5.93345519446129	-1.88108409976435	-3.82834194770905	0.294035668756918	2.59548137532036	-0.471189602203594	0.593516553392787	1.1408475167796	0.70689255749765	-1.41308877001182	-0.575838360435965	1.25574290594209	0.228565143319009	1.04726700913873	-0.37921436826679	0.0561356973651557	-0.625248726661646	-0.0429358844604469
"minette_D8"	15.7253942249598	-10.6091527444606	-6.99812585234228	-3.55714524869488	8.46732988812246	2.35831851028619	-0.902361346468482	2.05917198450085	-3.15899451835648	-4.94614363386573	3.39038947301849	3.07741333231831	1.19670175675515	0.626942521621349	2.01126298122653	-3.11272265407116	-0.216339117058725	-1.36137304133299	1.52980378962312	1.16445624684768
"miranda_F10"	5.06965807500435	1.68241703905767	2.48136792443127	0.908887723884307	3.06230073986507	0.321511639575013	0.302644596831594	3.42110213396316	-1.97191724429973	-3.20426786483367	1.19855681321366	5.22669773783274	3.66039298901525	0.0469863264704503	0.648848576569292	-0.178217266444929	-2.51245001122638	2.49515567557305	-0.25061217917355	-1.60368177993929
"mle_cecile_brunner_D12"	-16.8459137619293	-9.84951771175542	8.61943620197116	-12.1082960465864	11.2604212288032	-0.171438760564004	2.9717480993867	-5.88582792299242	5.8405896897699	1.91587128478642	5.61566903295045	-1.63102344255651	-0.883130611225435	-2.77652171004541	2.38380599030016	3.29671172857522	-1.1255998613049	7.65430044520289	4.47830588729645	-1.92966792505969
"mme_a_meilland_climbing_E1"	-9.57187307037063	-10.5397371905033	10.1402787078502	0.0832667055699345	-1.86990392097112	4.16726165146867	-2.89027451275268	-6.61775384097018	-2.34477993038536	-2.71548601928414	-6.20469979654777	0.468200558009293	-0.273978046096512	-4.88789175946961	-1.16163386438752	0.897918101048669	-3.37953791620668	1.02245483754868	-2.92754970779668	-2.81482928058657
"mme_antoine_mary_E3"	-20.3390330300612	-16.1133384518223	13.0242840503221	-5.88719830247845	-3.74858127055133	-4.61664492160523	4.37252308171967	3.29101387580341	-6.24379970842775	-1.50934199906808	-7.54345967480288	0.871977410765842	-1.86689287552788	12.0705755109033	4.96665544371235	-3.65501011329124	-1.35518902405946	2.26393624316633	-2.41485755828554	-0.698034227981357
"mme_d_herbray_E4"	13.2495647948011	11.2938864046626	6.56785328331455	-1.24466510720972	-3.47073524400082	-0.356530992047861	1.03572345274495	0.159585945646521	-0.32391771417821	-0.225062622263737	-0.310401374969145	0.364600074635992	0.111595335428401	-0.35221514140802	0.000417489284254723	0.765666440910661	-0.246253905762207	-0.349220378982684	1.16347906625835	0.0842102231082562
"mme_de_la_roche_lambert_B7"	8.50476050350018	8.65171428893204	6.5622071727696	1.64468339557216	0.25019341825949	1.31327729138104	-2.23992956571675	-1.58566625767237	2.91950410812523	-3.04821755388209	0.238703002111564	-1.22083750744624	2.7406389509962	-1.68487235071497	-0.777542772335853	-0.894052033373849	-1.00312319321201	-1.41794970727157	0.233694040759479	0.173848159749759
"mme_e_veyrat_hermanos_G3"	-20.3231275861741	-15.0966532221145	12.8459330343528	-9.7977224006915	-4.73561520782306	-0.724202974479759	4.92744373263028	0.108281465095908	-3.14142387065726	-5.75573130710808	0.823379282177416	-0.258590210002267	10.5137929548655	-6.16079087202508	-5.11000417901895	-0.990562105241008	-2.54648177017181	-2.62588846976501	-7.97643169467683	3.54704751415448
"mme_edouard_ory_D9"	3.50923579878652	6.04714064813828	3.80270801801075	5.27403048430812	1.47933987023016	2.1547690688024	-1.62247253375653	-2.94535232576342	2.84326682425493	-3.05327473484972	-2.44143729649795	-0.880611495961976	5.06612029637348	0.783826152602317	1.48162473827922	1.008090680854	-1.59110538251086	-1.64852452553237	-3.02138648344777	2.87559280730237
"mme_emilie_charon_E5"	-21.0662222194882	-18.3900627371147	15.5917879433313	-7.87505347643539	-8.96089454501562	-5.91967584666988	3.02924871142196	-2.58271134061746	-3.2175131726659	3.3813126204081	6.50037496609449	-0.0268344574097801	8.68724160308253	-1.00511749667135	-2.76181068500166	-3.90801085279683	2.90631730677942	-4.63472204692296	2.08415349886936	-0.65051670958945
"mme_ernest_calvat_F1"	-8.6259484847966	-11.9707333728542	5.54796382016014	6.17111888392016	-0.362374899994332	3.32831537198422	-3.19378584742996	-1.64862219553489	-5.79848985275781	0.10800843066074	-1.81589910636079	1.58688362222536	-3.58309530578887	-0.930081164622268	-0.968833304859024	-2.09867504850469	1.51551105211541	0.393650134970339	-0.438208336703185	0.223630201100319
"mme_hardy_B11"	10.7598513267392	6.46613665442443	4.42674309400605	-2.33694185069643	5.32405019802335	1.53806886849331	-1.81396298499234	-0.380672454567819	-0.911245981957992	-3.20361421987141	-0.176260210368806	2.35497930302689	-0.255497298316252	-1.44449921590463	0.0242698534243697	-0.609188033883514	-0.901969965570778	-0.671250125885122	0.617932292443059	-0.142091909933732
"mme_lambard_E8"	-20.3520487894777	-19.4110166129529	16.949617436444	-5.16337882851768	-6.36462273602961	-0.741993158446609	-1.30341312553826	-2.99684602336613	1.53363513407135	1.19724221412576	3.3456395986983	4.39114759190611	2.12116420289904	1.12016652729411	7.46299139600847	4.14149262397292	2.86366033572619	1.20908923501285	-0.561503630232534	5.43420899933541
"mme_legras_de_st_germain_E7"	12.9108808948317	7.90119570752925	2.89933561543085	-3.06443945348931	-2.72622434970695	-3.80347334307816	-2.56354150729995	0.24670651654214	-0.181008985977199	-2.52817332916991	-0.062765414474488	0.549238055507086	0.222494156363342	-1.05201687832876	0.214479349017758	-0.432389614126	-0.0562977874724541	-0.869410340853958	0.97037234224449	0.385119517289069
"mme_zoetmans_E12"	13.5333008276527	9.38723424752097	5.11952585489752	-1.76321693740542	-3.59973720972399	-0.626620672109726	1.5567794796103	-0.25355219078137	0.188288998903973	1.36997076525092	0.792573670692139	-1.04142937256419	-0.0173854781323864	0.322635188617796	0.0216908729457485	0.897565302849715	-0.168474579636973	-0.102893309938957	-1.28602981206122	0.50675190854426
"monsieur_cordeau_H6"	-2.30557118705604	-2.95146351241535	2.38102680222066	13.0379672837183	1.09621781872109	2.96778607491155	-2.84137923231306	-3.29169669641154	-3.51671333534449	3.59583090629428	-1.7950164104832	-1.24754939576889	3.83674563547521	1.2733039059922	1.42047305226399	4.56551745044509	-0.594618611570048	-0.375690119520095	-0.994964830454166	0.205788347558569
"narrow_water_D3"	-19.9512361415589	3.26190817696037	-6.36047413639857	0.142130164034467	19.5325199355203	-3.17189253725682	4.72318495479707	0.917033005779631	2.24998514654095	2.62275272187759	1.76439765167111	-4.49585355196653	0.410027566492681	-0.999011274397566	-1.85134651641708	0.965145941603454	-0.149039355898977	-2.94237144087617	-0.553472219569787	-1.1271264042387
"nathalie_H4"	-12.1661069705324	-4.20033298973631	-0.615020749012336	0.454925867962163	-1.68641633007712	3.15453784365411	-5.53291594887165	-3.39579092813433	-1.38611779855218	2.81776990884704	1.26996437632794	4.15982600692015	-3.72468888753036	2.00838869226977	-12.1518908971389	-2.56340682091353	-5.02718759755496	0.831785411974199	8.97902174133485	5.16051091574643
"oeillet_panache_G11"	12.9724419088062	7.7371634144054	4.74806763474717	-0.511416237970454	-2.51225548561445	0.4266847692842	2.40715869378558	-0.731476032994583	0.577855206946745	1.40034287147023	1.29059429744298	-1.68731273109911	-0.450748362659997	0.730646296542118	-0.562283597215537	-0.721104076331146	-1.23188330330592	-0.391122911259415	-0.894930613825536	-0.303968245359568
"old_blush_G12"	-24.1498883248261	-7.79167201921134	1.47152960825133	10.7174759851224	-4.56861759114247	-8.11082099429258	3.93863047827737	4.6317111900443	6.97921769907561	1.93035329748028	1.24511784900529	-1.72777790611685	-1.77956887076979	3.68656042039025	-0.211989054902359	0.965645602565322	-1.9290643229381	0.879993687143109	2.73674898317379	3.24728644887025
"olivet_E2"	-5.23077240424827	1.72700653278468	-0.528370793167536	4.92848612645999	-0.940686419291924	3.27687109737322	0.567751318625717	0.0728137433946603	-6.10188424113104	-1.57984000404358	-5.94443798868722	2.43494517713806	-1.25345180170281	1.80329457756734	-2.19455253555475	1.250813929112	4.20108684888794	1.82132143322387	-1.41035293628668	1.36229805265088
"panache_superbe_F3"	-2.35834952817452	-0.194990360823398	2.14628916210977	8.03908874550104	-1.30946192651677	-1.05437714317747	-1.48412819890658	-0.962180023740567	4.2335848983113	0.172315133516864	-0.565990874239622	-4.77876534214946	-1.2182721290132	-0.0694425695214061	-0.693119408626019	-5.33199063465363	2.14305993660325	0.961443764924269	-0.422985257752064	-5.80544021017695
"paquerette_A2"	-20.2543267468089	14.5951804337861	-18.8209138851224	-3.11760648220032	-6.89642548533704	1.01314576442244	2.80019126207912	-13.0540757317527	-0.0574047933750894	-3.43416582477164	0.455931244757913	6.31661688044612	0.798700733771516	2.17662658890972	7.29599109148919	-2.56447629407188	-4.67435640126801	1.82671090608538	-2.05044177409338	-1.22163394197142
"parks_yellow_tea_scented_china_C5"	-14.8001559481894	-13.8876726816467	11.0997839872337	-10.5141723007518	-5.4345168923224	2.0755500001068	2.76750582680675	6.51445414373678	7.7950297801311	-5.03362035547556	4.57962336656738	6.4787995701205	-5.25627927278837	-6.77725248423895	2.99627708645155	10.3265714145286	5.90669187572931	-1.71989650277532	7.01526438335263	0.681150964690721
"pergolese_A5"	14.1280496306777	9.22589384413119	6.22689748008091	-1.7191356167304	-1.96091921400743	1.36849337165794	3.43769815676993	-0.433303287166764	0.101796106206765	2.32695771551275	0.587295322640853	-1.69175004912263	0.0651200722505604	0.738364782159602	0.281693761466291	1.67980859304198	-0.0317309309347897	1.20891974251866	-0.731585090453466	-0.110451882537013
"perle_d_angers_F12"	-5.00300810984835	-6.28593094964573	0.729711194744148	12.4613565331447	-0.390034206270029	1.52201836309357	-2.7868133832813	-1.90927254793833	6.51601686150117	-0.666582726469328	1.75100763193065	-2.8895819021264	-1.90565761873599	1.71939680450363	-0.270834296924292	-3.28531694226971	0.296189498041417	-3.3606467555102	-2.3533470619436	-0.418160859164497
"persian_yellow_A1"	16.4026723763091	-15.0499997643459	-10.6128707758284	-5.21540761624663	-2.67611729562233	-1.05185369021176	2.86030925828879	0.0666944988845136	7.58734800271146	9.80269411382573	-10.7252202177576	4.76148108328555	2.54239890185161	-4.77831711553819	0.951327545851235	-3.4570528827673	-0.388623984845252	0.58529062869537	0.19815583515581	0.596437499027707
"petite_ecossaise_F5"	21.3435530692111	-19.550066810197	-14.480972195678	-3.23935911536635	-2.26755462845964	-2.25263409515423	-0.559725719120952	0.0408683499406432	0.947247772736548	0.978655113610988	-0.556698670439235	-0.595748709579517	0.18110036883418	-0.842314429454967	-0.138238821797015	-0.151882782233667	-0.161655744320914	0.633444335867285	-0.345250090560442	-0.969652763506041
"petite_lisette_E4"	11.1735707980637	2.08148582213235	2.14972155023155	-3.76634921503821	8.47967768117265	2.78017257004419	1.22178813198292	-0.456629521706873	-1.2218473899438	0.429015616872344	2.3461738519457	1.28179227122588	0.246309068986927	1.63461176752077	1.04178801420304	-0.477690272961459	0.415622283951772	-0.68478688425073	0.280545369181802	1.7863893739635
"pink_roamer_A4"	-19.8273864380043	15.2369632859921	-17.8514804747468	-1.68104072473872	-6.01088661426526	5.53480481658067	-3.34656528096043	8.82502665175594	1.1317141421324	0.227165920264862	-1.96507523360504	-3.86390480992519	1.29920340388268	0.300105420723797	0.0954005632634571	2.71692708638595	-0.884178799702437	-3.59295851134325	4.42147231835373	-2.63520802510035
"pompon_blanc_parfait_G6"	1.9290401269012	-4.96267192271069	-4.86619282022567	-1.76723190276922	9.79031313280675	-0.4828039005996	1.71171255813532	1.0390470162724	2.92139438799826	-3.8543600431505	3.89317539724679	-5.08396953154005	-6.29672562517074	-3.78949470563827	-0.568773576740498	-5.71309582300073	0.443198678358876	0.600281387298781	-2.87989897221965	1.99880641334172
"prince_frederic_D11"	0.250143944733748	7.02214919793624	2.11443804627165	1.96441262220447	-2.31215709865856	-3.48989639775624	4.59211476370302	4.488302572575	0.50099600387961	-1.968771189512	-1.44034338729258	-2.21015724551073	2.06852444159899	-1.06393662693073	-2.004438268943	1.16050961317044	-1.22996350592565	0.0301349550806201	1.8964566594152	-3.65181042172383
"provence_pink_C2"	11.5884399575674	3.32715791642026	2.58245929698678	-1.79287230270113	7.29793576546901	2.8127227018725	-1.23017595274833	-0.0200508944439986	-0.770355645261002	-3.59262580866608	0.709807595940043	3.02986874371164	0.109648167156853	-0.112345042193776	-0.703529924326572	-2.12715841442231	-0.656341420056549	-1.17339032011617	3.04520371065157	-0.0422130509666258
"provins_renoncule_F8"	13.4257132361542	5.21646045763629	1.56874346800964	-2.59108669350676	-2.6150609546559	-2.81704323613494	-1.93526248015099	0.00694174115484728	-0.632663052155607	-0.794537440468166	0.47243718199446	-0.863706610764068	-0.48263712328892	-0.182634615299045	0.0901450593323678	0.219602248258023	-0.108024451410852	0.664576079169676	-0.229940252500673	0.251722072628727
"pucelle_de_lille_H8"	14.6203782294737	10.7086430600092	6.72036504642008	-1.10027237166463	-4.01301754883263	0.568889202365668	2.59578454552127	-0.68929168235155	-0.246991175894973	1.17085321680439	0.318859262121878	-1.35770512796699	-0.12795684563012	0.390509620617543	-0.357449097867098	0.941251633228273	-0.471735221836451	0.207058159431544	0.468435931499093	-0.531188127752246
"quatre_saisons_blanc_mousseux_F3"	11.9948040320019	-5.41382583761796	-1.81957925943869	-2.80539340339307	14.0389429930309	5.91273429236791	-0.962633535182793	0.599336578356613	-2.51793817848984	-3.76838026731607	2.10059838450696	4.27828513701414	2.00310962824647	1.07417345246679	2.78456555874101	-3.39638842979886	0.705709695134315	-1.57930369164433	1.828456392146	2.58305660953421
"reine_des_centfeuilles_C3"	10.5670750699833	4.05981297422963	4.08105172546213	-2.41293235370795	9.0432222211832	4.20452034580426	0.577285381743206	0.314529557683323	-1.20409095886372	-2.30976341559675	0.0441378502150855	3.17946826021784	2.11486503217361	1.30668465771848	1.47805238879756	-1.77103626561758	0.0580191047233636	-1.98945104587563	1.5958330667024	1.80980341579317
"rene_andre_H11"	-19.1070276784284	-0.563704231614196	-0.629381633916813	-12.5668213579564	-8.22969690837111	8.55007539853061	-6.41386723112358	7.23121162266245	1.75966418525415	1.48691612849064	3.52529755272826	-3.77725429553746	4.26481963981431	-0.281827595953113	-1.78573991476221	-3.21636717586866	-3.25893110742301	-1.02937636687497	1.38772227057872	-4.20125616085679
"robert_le_diable_F12"	14.4329832462612	9.86638870660953	6.33070843157828	-1.07308467349406	-4.10582443481343	0.753594470684497	3.01998397077011	-0.269377866817577	0.0746360857588071	1.56785689535415	-0.0342853073885859	-1.37845760728567	-0.647932046016102	0.861437084421751	-0.270632865780537	1.24524225676026	-0.455386329668415	0.628202542255586	-0.454748495862499	0.10262715589856
"robusta_bourbon_C11"	-16.674980461554	-8.58539360882531	-0.932682646408362	13.9387772320243	2.52251201939342	-1.94469106631335	-0.567408414966878	3.93846991837967	2.6167431629911	-0.830513387948357	1.26465629672941	-2.12665621321212	4.87331027720076	-3.4281931897214	-0.781698501584294	-0.485901967305364	3.8541133148544	1.55078905936257	1.09334126235428	4.76754831947027
"roi_des_pourpres_E11"	13.6778989856069	-9.47399854097588	-6.10341123126572	-5.83765103724741	8.76278552436137	2.2311610840377	1.93936567883388	1.30628935708235	2.81523653000941	1.23801545218678	-1.7591590693467	5.59978586229348	0.9631829415989	-1.6922204120752	0.496840934686465	-4.91497189172556	-0.161485989542697	-1.62506141827919	2.29435086014849	0.0463083893615786
"rosa_albertii_G7"	21.6528155397062	-19.0438843917922	-14.9927902600403	-2.8079391461282	-2.27123515282105	-2.36902128561723	-1.60487334260726	-0.170333732882273	-0.966133909294447	-1.45495347507475	1.53837763098721	-1.93202482936887	-0.271173338832229	1.3375671329601	-0.283612313472859	1.8247092505608	-0.240346672568013	0.131562179758098	-0.467201786266395	-0.756592822708519
"rosa_arvensis_D8"	1.30510274916209	19.5903038520362	7.010573634062	-5.78210940255512	-2.62455782202835	-14.09743130674	-13.7103198563267	-0.809580789179925	-0.416336586430987	-2.77363367499652	-1.61473574409961	2.55078140763482	-1.44357105464981	-3.80880211030708	1.053831118069	-0.0649840054989374	0.231338895560417	0.89076457179785	-0.380126420318542	0.484222838486803
"rosa_californica_E8"	-1.36621660411294	-2.33096788902974	-21.0426739417498	1.97436203502836	-3.19988337804362	-2.84687287102445	3.76590950961631	-1.28419082913343	-4.89667270267278	-3.74249284388185	1.0227717459945	-2.86564248724621	-1.01064168389919	0.85934456570416	0.594731688014375	1.73902173393414	-1.07248149821994	-1.33374552298575	1.73438381097463	-2.19445274376816
"rosa_calocarpa_H10"	20.748823322836	-19.4883220148664	-16.4180665290073	-2.18357401881633	-2.61423456784575	-4.08825013490399	-3.48909725357823	-0.797175615534868	-2.85239449671852	-4.49797558313021	4.46162412992835	-4.62097635801066	-1.27381190730157	2.56456403045674	-0.960140695417912	3.89625986760649	-0.343020737434038	0.153478093545716	-0.418874986590319	-0.0735639157152218
"rosa_centiflora_rosae_G2"	4.80114428078222	-0.280782262793683	2.98202857057738	4.80658113955281	2.99523845137271	2.55666612661293	-1.97679275563865	-1.90151304027506	2.33097711326501	-0.212443018713797	1.94017067892434	1.30699301374476	-0.132179093802904	3.15243229012062	-0.178380427399742	-1.81409206463456	-0.347746664311931	1.61743170732402	-1.85322640388942	4.75760626421553
"rosa_chinensis_C8"	-21.5357054084867	16.4725642086124	-21.6313329048604	0.677878357635279	-5.18741945684108	-2.32133154221837	5.61811307915568	-6.90740443934101	-2.83492097066102	-1.01865074570773	-0.0929208477040006	2.83879401458814	0.876470520002358	-0.402987541379806	2.49592618096621	-0.406380006778524	-2.38021381219565	-3.49073869968854	1.82911741460541	-2.40472297409732
"rosa_chinensis_mutabilis_G3"	-18.4367867854284	-9.54094976529524	7.05755794427705	-3.24482357071007	3.45187060298882	-2.2572111777503	2.21744702731694	2.26575185445312	-2.38766294616046	0.863959396507846	-7.16703788447909	5.01474247227349	2.12712135349709	17.5003158216679	0.387792039284436	10.2846585986852	-5.18781629944619	1.68624575761941	1.93822921065411	2.80100095221038
"rosa_corymbifera_G6"	9.57362669904623	5.1115683913365	-0.743117121592891	-4.79966859088924	-1.58024355040829	-8.64289643295207	-8.21279667153711	0.352645639094707	-0.95738717625643	-3.25375504160085	0.353682334028885	0.447329093950935	-0.394757133261397	-1.58105730074492	0.305371747212783	-0.4313974016469	0.135328269080294	0.375386757269944	0.10100224629567	0.0327994894102995
"rosa_cuspidata_G5"	-8.44945487011421	-5.08771280064103	1.43195762194926	14.8076285411826	1.48290608738558	3.35607635450402	-1.11957154159008	-1.19470404826673	0.526193751776255	0.846943272418518	-2.36915781487794	-2.27558716278075	5.080819549592	1.6250197627008	0.8617392009084	3.16660662826497	0.276799915070706	-0.753375172397584	-1.31067084018916	2.77975495987621
"rosa_damascena_bifera_yorklancaster_G8"	11.8419201262764	-5.51158538063024	-1.72025010981913	-2.82393917055815	13.8601823075158	5.71638245972033	-1.01573481525787	0.640578213290465	-2.49835528329374	-3.6885318343185	2.00361936883167	4.45558466887652	1.81939453444062	1.18943007681583	2.66084888168495	-3.33818718528339	0.645510722375219	-1.53992255793145	1.7371510653918	2.56696004474141
"rosa_dupontii_A12"	2.76546137198169	3.45796342616594	3.76816631567642	-7.10348725094358	17.5088404476813	2.60060236331375	0.569994137951815	-1.12434595858898	1.85657086518394	1.54291738646259	0.755183093531434	0.982846233118312	0.0677996222022288	1.6617443894193	0.589175905229582	1.26317668278454	0.117316415023389	-0.213464531746058	-0.815119184331991	-0.202679418410726
"rosa_ferruginea_C11"	21.8910774273358	-20.1902219556889	-15.8125510470167	-2.7233634957659	-1.99699695124375	-2.93183112977551	-2.48297875287652	-0.174764658288828	-1.87524891904807	-2.72598483044779	2.91163949041542	-2.27843888520267	0.131320187312241	1.39382334246463	-0.680666208452514	1.84191044530743	-0.449307777546125	0.315257808616101	-0.49028134037586	-0.916560904660017
"rosa_fortiniana_de_banks_F3"	12.5516576500934	-11.4580550946736	-7.24168519491249	-4.79722477754349	-2.65676840099561	-0.3898880765198	3.60201371451419	-0.0014302156374022	7.38930482028713	9.48948487794433	-8.77980240909298	3.99491492039804	1.17817675971623	-2.25211939021645	0.658032994822486	-0.0367945996699381	0.445684959709673	-0.329025544519282	1.01199948248023	1.3231735775088
"rosa_gallica_C4"	19.6261708864092	-17.46075489935	-12.8429643228446	-3.59807255912172	-2.27023297380927	-2.12756244156917	0.257307191937063	0.0314852961448246	1.5083580979219	1.93029499372073	-1.93880510531067	-0.464559197107757	0.314738317968272	-0.480399247445493	0.277937540692831	1.15841917344648	0.633387623260999	-0.493290273779111	-0.341281660072862	-1.72576481234987
"rosa_holikensis_G10"	20.2933682182251	-18.3578462855311	-14.1996032520459	-3.56965215292883	-2.77905652481805	-2.10628788487667	-0.706402997392643	-0.197778332742793	1.74292213443923	2.33489674301398	-2.24577684313939	0.878525333605823	1.34124777253757	-1.13280903476914	0.230882093478037	-0.386665612412643	0.107763289572865	0.362257135775088	-0.0948855849881794	0.0682555812595019
"rosa_iwara_A10"	2.06311907984677	-1.73117161638274	-20.4142031638719	-2.63882844050643	-3.90386728606699	-0.691024800373371	0.293865115371472	-2.98924683502257	-2.35669601628996	-4.7090271539483	4.63170899807865	-0.269397512443663	-1.17083907627339	2.28480013033197	-0.85263826428767	0.904213618395219	1.00721930477792	0.777401046976714	0.324743862948457	1.07599412012722
"rosa_majalis_H2"	21.839578880643	-20.6414688910374	-16.4234660588868	-2.0378507892727	-2.16526275383607	-3.6063690301814	-3.47032061755767	-0.336993184871272	-3.40833392710896	-4.28950293706481	3.76410305582645	-3.54005639129001	-0.361639034821253	2.4527112963665	-1.20077829911846	3.20262576213427	-0.136746362734361	0.389815380764026	-0.222491012818419	-0.272967972479704
"rosa_majalis_plena_H11"	21.6926674768723	-21.0203815638288	-16.9242652680211	-1.91932912518772	-2.6120854454598	-4.01652711789962	-4.1239708777949	-0.922012595468734	-4.19318195391899	-4.83833806885792	5.17127212285764	-4.60373467356366	-0.956468438079046	2.74726323898305	-1.55621663429635	3.64340133455993	0.0926327786959519	0.022555635331199	-0.371189658409104	-0.0568974471779639
"rosa_manetti_H4"	-7.11628341127085	-4.38208123594454	-3.26365414975696	3.34327721001232	8.93960905014165	-1.94493927391736	2.25439514491622	5.32776710677465	-2.89676826548543	-1.35129444040257	1.57210412528433	-0.519328722979552	-2.18471019760631	-4.35338027641574	6.18081020943964	-0.324115832235062	0.544289922084363	-0.411163298733395	-3.55049802545151	4.47248655796529
"rosa_maximowicziana_B9"	-10.152132035527	13.1303092826706	-9.05543154816819	-6.03281918905695	-1.43839100629348	-1.60541895283501	-8.58283686696012	2.18190599627663	0.25679242223275	3.07871441150031	-1.69063209940386	5.80926223314244	-2.91450688132922	3.41750720058865	-3.81130222792086	3.76812498309299	6.70536671526689	-10.7947719585972	-10.8411614617089	0.100074373938452
"rosa_minutifolia_alba_H5"	19.1551642325032	-17.897699149757	-14.0710933740342	-2.8020689940369	-2.6859057467097	-3.00222159971163	-1.55705042890562	-0.734585210548555	-0.273619110745476	1.11891127428696	-0.578589414877472	-1.73656535481044	-0.150877783254639	0.528925082626903	0.131691198863809	2.2497505724628	-0.656280070010684	0.63644344592251	0.145555584150102	-1.55943610490833
"rosa_multiflora_carnea_D5"	-15.4270151816119	8.48786461912341	-9.50947152833976	-5.28875008920417	11.5055315297464	1.04723234220827	0.13551038002291	-0.848279282743367	2.72606126502191	3.13276338904993	1.83902628603723	2.41911290483847	-2.75776074707109	0.968670984395439	-4.32085889661829	4.09281861425169	9.85279777786155	-0.590444992130419	-0.503635803305243	-0.827764570991705
"rosa_pendulina_oxyodon_H9"	19.2824697512782	-17.7785854464145	-13.1270664745782	-3.04929967142537	-2.02218646810173	-1.75019895718023	-0.302017544735302	-0.0330633977097461	0.677728327024658	1.32159470945148	-0.594637058897977	-0.872516744112462	0.293244599383807	-0.0789202672394059	0.138089622769585	0.870830700624352	0.489608519171427	0.438646133546283	-0.155929319010935	-1.57813877297849
"rosa_pendulina_pyrenaica_H7"	21.2501517645352	-18.9186898003254	-14.1783900487789	-3.29707893828209	-2.57964648484478	-2.58088663791493	-0.453480218224226	-0.0601099508634051	0.893092192580584	0.524096233465688	-0.390802703194546	-0.270303978910516	0.666222060833609	-0.104782036183839	-0.0133431694489988	1.41544958140319	0.132175648520719	-0.155195545334237	-0.269100284170081	-0.971754329728862
"rosa_pimpinellifolia_double_white_F6"	19.3005696939409	-17.3733556734102	-12.8567285932588	-4.69331160027287	-2.71633629069786	-1.22171528131949	2.17008391827464	-0.0858824933456112	5.44211375276274	7.04539252684874	-7.49245117539224	3.86726460668492	2.13738830029238	-3.47990027101413	1.12616980161148	-2.74999007662894	-0.12019383545656	0.011342168155279	0.385747916527545	0.038432713679618
"rosa_polliniana_A11"	9.97097924209006	10.7363379070493	5.43085752747275	-2.50649191831084	-2.47433344187906	-2.96672632514815	-1.6602166869761	0.206424324217489	0.5988230162647	0.49272417319009	-0.153479251981422	0.769960760513745	-0.245659593028476	-0.773757536327916	0.340873423924072	-0.34359521738585	0.40863794843747	0.127010634852765	-0.463896815965502	0.0807340605257263
"rosa_rapini_E5"	18.0739605582897	-16.1746763634261	-12.0047567541539	-5.29988341733513	-2.93706606660112	-0.794455434245886	2.61398944087203	0.501070430695919	7.13251035491778	9.08216665945655	-9.04258578643164	4.99251026239107	2.57115493093993	-4.48134953711307	0.982214458501232	-3.93140168411028	0.380588712195715	-0.189828585943105	0.0503555356541286	0.500931048839245
"rosa_rubiginosa_gold_bush_H10"	-9.47929011877351	-2.64311382324138	-4.18416513297368	-2.58977846830203	-1.17454925734803	4.35992501668811	-5.20416902428405	0.133445131004169	-3.63789809872579	-1.27326703154203	-6.64769232753048	-3.26614182948541	-0.627160822514004	-4.33866155310264	-3.06533031876364	-0.959947950579417	-4.83178419820488	5.53109561932643	-0.572723121009905	3.01312886890729
"rosa_rubus_B8"	-9.61885407224787	8.29715020397946	-5.60595836072878	-7.65455250946161	4.71951169759156	-2.26335012706719	-3.94113085200496	0.47581714950109	-0.542117818154825	3.55531323986853	0.824253002923431	7.09768205883615	-1.87137675713973	5.5297950707704	-4.27890948841888	1.12481948154192	8.91762511119461	-6.02582589463913	-9.39010649127639	-2.60051519540653
"rosa_spectabilis_H12"	-11.0201844513423	10.7152096462048	1.31083330683416	-1.14379277978629	7.35433847089833	-13.6806127632096	-3.76952745963927	2.32544352075468	-3.14523877344283	-2.2008638801197	-9.0987474076036	-6.21232371842834	-0.0161197635294589	-3.89695266556822	2.94717994965007	-1.89801339757238	-1.98123134101535	1.53627180429195	-2.71447804862459	2.64147868636624
"rosa_subgallicodes_E3"	0.474910295764588	17.2834627356426	5.6222228912069	-6.49494735954683	-2.08876884891788	-14.8279393159247	-14.1286756309201	-0.871845986915226	-0.582150500668337	-2.53916236230233	-3.35176696609479	2.03096517913432	-0.970756402525972	-3.66009632563042	1.32516765822706	0.110931850880499	0.204013912889945	0.795478641886021	0.351190308373335	1.64033221003887
"rosa_villosa_recondita_C5"	4.80263877219351	11.1012830455441	-0.883914349521584	-1.35834853028495	-3.61097218942904	-0.790926034435024	2.62515456880552	-1.26731973644582	-0.200332203766427	1.70070856367048	-0.798502671142901	-0.280167868507558	-0.800007479246305	1.87363016160854	-1.81782071683709	1.40758504479756	2.72262379004342	3.67501435671984	-1.96344427212423	2.25482087689154
"rosa_wichurana_C9"	-15.1325360678601	16.5858879564051	-16.217310384297	-7.24100673505277	-5.60875314312175	5.63166348226439	-9.6934382773723	6.25651283449379	0.304286856148623	4.7474540362324	0.386629438351118	0.770945781399483	-0.15583201914555	4.06902241094303	-3.22312084301824	-0.77455711694462	-0.913248170540765	-2.93743500623321	-3.31985504205608	4.40889731417506
"rose_edouard_D7"	-6.48347673386433	-8.78538902659464	-0.814566039895139	8.24794097523061	3.67834194298038	0.722363993127989	-1.15244753295749	0.695173731417672	4.88738760924144	-0.261462488376466	2.25932285942155	-0.454734260648292	-2.57731953415508	1.6428919369764	1.80307950553284	-1.19340428666013	-0.121711979164708	0.30040927584436	-1.32359618881997	4.05397973179675
"ruby_queen_H3"	-2.71056857802658	-2.09509634852569	2.29671633340317	11.0151422168464	0.620993163037419	1.80558849896217	-4.71991511950414	-3.26485588404891	-3.15772903831653	1.38900767496329	0.685810587058394	1.09995061336684	0.973012405727494	-3.95248140914089	-1.90420732362064	3.78011353743845	-0.1976013178068	1.42890238159654	-1.82859658002429	-1.38919955432723
"safrano_H7"	-6.40777780964715	-9.97108903422198	5.39637725944897	8.98152186914225	0.266592507849385	2.38661654538894	-3.7534528254309	-4.55437959029039	-7.67273996811231	4.0587626741539	-1.50605317439793	1.39762334445183	-1.88712692777234	-1.32314464752502	-5.06734417309008	2.82204921942602	-1.48823861984926	0.252153628966082	3.47960822452935	-5.44830627962481
"salet_C10"	0.923987900029548	-1.99470633897718	1.96305830087777	6.90411009985459	1.73735220500273	2.06584069735595	-2.21345574508582	-1.79818094846715	4.43297250869118	-1.96056858888328	-0.783261202476223	-0.926538068116622	0.783793187033126	4.24915236410473	-1.42443969133747	-2.07067019937581	0.762511999276897	0.529775150424967	0.743733004947156	1.66766167317017
"sidonie_F6"	2.27575766052425	4.17282401881523	2.00478559503246	0.131531192111159	7.93070143017237	-0.58238525847413	3.09195931599173	-0.775016155231027	1.0330239795015	0.166016137610573	-0.955943382169121	-3.7992154734846	0.0764868097585764	0.835880767865935	-2.49991188149287	-3.26060640379551	-3.16911798045235	1.45181826159287	-1.24778781930187	0.518959792449075
"sir_joseph_paxton_C1"	-12.6713775522163	-9.13834620893837	-1.8304276308256	13.5614564606664	1.31378448594002	-1.37445770068876	-1.30383798424052	4.40333283115492	1.47270433794784	-1.89080218336666	-0.6785725526108	1.2640250785415	-0.313188930909793	0.976414602833227	1.05085007308567	-4.34975902103691	4.12821158043264	-1.17819221247423	2.79744434441869	0.229702887164139
"south_orange_perfection_H2"	-20.5705634191635	16.2466834483394	-18.4544949147289	-2.35054702225879	-5.04177379815312	3.44566162813705	-2.28987661176188	4.87699604771353	-0.602506005200539	2.60251789905388	0.0414683062099187	-3.48753523070196	2.52141430043166	-0.746832862345402	-1.219882449947	0.921962158524638	-4.89304540288091	-0.426602847329127	2.1040622359296	3.96057359097083
"souvenir_de_brod_B12"	-0.908393065528082	0.678788306936236	1.01971609730414	3.75103446932914	3.82213874722059	-0.218785807231173	0.610189900004231	0.887066542590991	1.05038259383955	-1.75462629923589	-0.314299163777934	-1.02501568312878	-0.750211917562585	0.229684144304044	-2.12836235560025	-2.47737603462218	-2.56081465328676	1.94569051006535	-1.33356291614197	-3.17845098233144
"souvenir_de_la_reine_dangleterre_E7"	-4.86504587156724	-1.67139598445035	2.3042817604197	10.5287935901027	-0.789726690356537	2.19478002786741	-5.1151248142709	1.36305898753587	7.51007889540372	-7.37436828498308	-4.12335167105562	-0.15637274959065	0.113152334010946	1.98086603087282	-0.224842629176923	-2.72131245667161	2.60592120814332	-0.992840361548307	1.52185298710695	-7.78089736019393
"souvenir_de_lucie_A3"	0.578240353484341	-1.3980786571479	3.73455996784837	6.98284395177647	1.60323315287952	1.92275845963997	-0.573910197722359	1.41998010316033	3.91556683673642	-1.91141918133819	-4.26356989817229	-2.03558141470301	-1.77448698875969	2.81005157662293	-0.114862216940716	1.93342851617137	-0.702811479292958	3.36389030922844	1.29335516613971	2.86234073037823
"souvenir_de_philemon_cochet_F9"	21.4257939213835	-20.4100109988758	-16.6511077204829	-2.55769899786354	-2.83971865674383	-4.18536859679624	-3.76558813859509	-1.32177407520285	-3.24693034207883	-5.0995270519252	5.15633548019192	-5.16846799343477	-1.00184478080393	3.19924412809938	-1.20642450977733	4.71688993005164	-0.241686844261235	0.0661232126596811	-0.538960534243726	-0.0608174194957517
"stanwell_perpetual_D11"	-0.370992362699108	2.87472120203432	1.33708813586976	5.85625727697475	0.449866938071292	-0.334285006190172	3.21290577271991	5.6647833714719	-2.63952356391896	-1.20408014917711	-2.51185404346264	-0.282345577831687	-1.34278508669407	-2.47285875235995	2.84615383183325	1.24165439849491	-0.543046519153651	1.8798857122228	-1.42612271528197	-0.216912060893931
"the_garland_D6"	-14.6958097181122	2.31754549453999	-3.11289766755045	-7.50284870764099	28.3705824198033	-1.90516998287809	1.09954342918498	-5.69466882178085	1.76976139966595	4.84806741684191	0.333186512621014	-4.45926883968875	6.82400259326301	0.489879865534186	-2.09652050372389	5.13967014585318	-0.534348261741783	2.40014543701367	0.874230211111357	-4.60202670293466
"tom_wood_D1"	-7.21594007738732	-3.37830119760544	1.85559479800908	14.9704279975482	1.33483552407436	1.34023591780184	-5.22962547918034	-2.85711734346191	-2.39454580924616	1.33987956815292	-7.95234848557024	-1.82735943103158	1.71830458257717	3.94991635717366	2.08978906861975	4.51869630026838	-0.908017364519741	-0.501431683415228	3.45619971160104	-4.70128507020151
"toussaint_l_ouverture_H2"	14.3276126544632	9.6345883585549	6.26790201363066	-1.36918297608852	-2.10531451087284	0.807936183233686	2.16881312355927	-0.0318783172219232	-0.916677239998667	0.635726393466248	1.09923110960402	1.02529683064689	-0.0155364859065819	0.675333641900613	-0.750900258282815	-0.203909743866868	-0.813578961450857	-0.315464190437127	2.48512157755259	-1.0879514826093
"triomphe_de_l_exposition_A8"	-0.254564340832	-0.386979820592049	3.91781950680986	8.46081720633585	2.3305407702713	1.581975575135	-4.12163060800727	-2.07031431518555	4.04837557057047	-4.22204734794864	-1.35042302845776	-1.67302758804632	5.43875745068969	1.53578969083962	-1.3726217718865	-2.32457524442996	0.75566439451222	0.567104830960011	1.38271497015376	4.56679420765747
"tuscany_superb_C10"	15.1222629825663	8.90765790412564	5.80644093906496	-0.601710513637532	-3.76910362436127	0.930505749864655	2.96836279634112	-0.397174958351428	0.593540124596048	0.965674592923194	-0.0664219510336954	-2.223312094923	-0.145564551850756	0.882277007784481	-0.346939811544281	1.57190338569567	-0.527665765652722	0.238320577173287	-0.287348278455852	-0.153325673967745
"una_G12"	-7.42763914163021	0.457769190543857	10.1559474022585	-6.93283936635969	-3.92363024704758	-5.7474681228342	-4.37900951940986	-2.02517378614829	-3.30417923643194	-4.5277320738151	-5.88624901118833	0.0260817453717911	-3.47312319227861	-2.70852495520103	-3.89421149288942	-1.2788544738657	0.240258542245805	-2.7255379596181	1.48054627234301	-2.70571263928854
"victor_verdier_H6"	-0.422398595974559	-1.45120361551142	6.08582903446684	9.65170970576633	-3.60549200996223	3.59906904216205	-5.91701947449854	-1.63490985016132	7.61418917369651	-4.21543793545376	-1.59739467508343	3.04080487272572	0.40418111177277	3.51231097247592	-1.58088876613032	0.126032646703498	1.06238883179745	-2.22624582001487	-0.191440506222027	-7.88565123733585
"virago_C8"	7.37496689475446	-0.938771799678936	3.1001934637374	4.55765378382985	1.06839365235484	3.59902853234455	-1.18403844698962	-0.318413940458975	4.30701276529377	-4.5822222886972	-1.82643402978768	0.554179970716919	-1.95042988024462	1.49198948480089	-2.54121766340349	0.362167401850664	-3.39102938831967	-0.377768347086265	-0.721677580019412	-1.61374064446073
"vivid_B5"	-0.167079513402128	0.577893282958154	1.91667284913104	7.17814800186808	2.11395970063085	1.59478314844599	-0.601768546014402	-2.3402983996475	7.18092764236568	-2.15331738938808	-1.53025083683257	-6.50308277313264	3.16848835800216	1.52967514167181	-1.92033595516173	1.83148816496727	-1.28535868214163	4.48786523824924	-0.64869521523368	8.57311740824043
"william_lobb_D10"	-1.1402976048667	3.05804280102016	-2.3272845633983	5.97089888117216	3.22555892723151	1.32132851567078	3.04185133896993	5.19857718537284	-2.4462780296171	-2.83412217197151	-3.43787528690522	-0.69873648474055	-2.68271996533058	-2.34445677818799	2.13780350243204	0.500142774265103	-0.0760902912407753	-2.38536531368542	1.74900883280972	-0.790898988025183
"wodan_F5"	-7.26648511648168	-1.1663636709495	-5.76465289553206	6.5056080794096	-0.0460521440150153	1.15257355904646	3.66899734954498	2.8091959191682	-2.42422741474256	2.28879306737871	0.346597970186269	1.22080879324167	3.27467311117624	2.10686079918083	-3.7116219890626	-1.89296180973157	6.44367408922946	4.79811800691522	0.822232891818924	2.33935497706301
