x
8.16021544280086
7.07883052940982
6.32576493561204
6.13326332834651
4.50775398677962
3.97638993358064
3.70529478542979
3.69571914260024
3.64585620819498
3.44934877109164
3.30454949631168
3.14998396654391
2.89619450993548
2.82598054253952
2.75050089480858
2.74164997973454
2.67289210812755
2.63769557745204
2.57809473748883
2.44786103930619
2.40919055823622
2.30574025262286
2.12309134714672
2.07104722871121
1.9909938837101
1.97258921504775
1.82395870448994
1.81311166475033
1.71627082136747
1.6639539730139
1.42621243480905
