Name	year_obtained	CoderemonteeHarmonise3years	codenumremonteeHarmonise3years	codenumremonteeAvg3years	IDJeremyYear1	coderemonteeYear1	codenumremonteeYear1	IDJeremyYear2	coderemonteeYear2	codenumremonteeYear2	IDJeremyYear3	coderemonteeYear3	codenumremonteeYear3	Nb_Clust_A3	Lmax_P_A3	Rat_P_A3	Min_M_A3	DifMax_M_A3	Min_V_A3	Area_Peak_Inflo_A3	Reb_Mag_A3	Max_Peak_A3	Max_Reb_A3	First_Reb_A3	Rat_Peak_A3	First_Flo_A3	Cont_Flo_A3	PCo1	PCo2	PCo3	PCo4	PCo5
adam_F4	1838	R	2	2	R64	R	2	R91	R	2	R112	R	2	4	-0.497487734318319	0.644584443413494	3.2299776675419	12.916376442284	0.37003711145507	5.78749484879147	0.0754352030947776	6.06597263440277	0.25426232599293	12	0.0419161676646707	2	0	-202.6184496869	-83.6870111851	61.1038639915	145.130519885	27.7608808861
adam_messerich_A8	1920	RF	3	2.66	R66	R	2	RF86	RF	3	RF112	RF	3	5	-0.841732676088558	1.32038396952275	2.34271184240008	23.0296238611489	0.645534183020868	14.1008350232855	0.239024390243902	3.34442881962541	1.44623948956774	13	0.432432432432432	1	1	-51.1563308714	-54.4692334194	56.4131567276	-15.0791835472	10.1349604312
adelaide_d_orleans_E10	1826	NR	1	1.33	NR42	NR	1	NR59	NR	1	R22	R	2	2	-0.037664085088205	0.0383823661660726	8.13333305572164	19.4489724846153	2.67073172989076	7.69788925225629	0.0556464811783961	15.8760627559532	1.1206632533614	18	0.0705882352941176	5	0	-142.1343959304	23.7552921767	44.713053249	-4.3713908244	22.8471221005
aennchen_von_tharau_A2	1886	NR	1	1	NR164	NR	1	NR235	NR	1	NR245	NR	1	1	0	0	6.8950250500732	29	1.49183762860163	13.6135681655558	0	14.3989663289532	0	30	0	3	0	-64.4359175272	-16.1663743105	-3.9889301892	-85.256792985	40.5122705685
aglaia_H10	1895	NA	NA	NA	NA	NA	NA	NA	NA	NA	NA	NA	NA	NA	NA	NA	NA	NA	NA	NA	NA	NA	NA	NA	NA	NA	NA	-165.9628182191	31.5256831544	-35.7680670187	122.7578041964	50.9063974126
agnes_A3	1900	R	2	2.5	NA	NA	NA	RF27	RF	3	R31	R	2	3	-0.489593389608241	0.631652638136483	3.04700911745132	8.09215053215766	0.900100360378939	21.9485928226423	0.293650793650794	8.79587802255702	2.71274742751759	7	0.308411214953271	1	0	184.2230588859	-154.0270933567	-134.4331405499	35.4198657658	23.8671516272
alberic_barbier_H5	1900	NR	1	1	NA	NA	NA	NR150	NR	1	NR143	NR	1	2	-0.409041983807881	0.505374920530313	10.0917164180626	2.62755264784584	0.635921323926808	15.3569478885361	0	18.0669975159248	0	30	0	8	0	-146.4102290436	25.0138158338	-24.0246161501	154.8993558515	49.9982295669
alfred_colomb_C3	1852	NA	NA	2.33	RF47	RF	3	RF71	RF	3	NR193	NR	1	2	-0.680703091433592	0.975266036750252	10.5407315013275	1.93593772524389	0.413296217483454	88.2564152985892	0	22.0641038246473	0	30	0	10	0	-99.9636770875	-110.0149518455	25.0053055076	-117.2768666808	-5.4492218966
anna_maria_de_montravel_C9	1879	R	2	2.33	RF7	RF	3	R7	R	2	R9	R	2	3	-0.222135738481528	0.248740868550137	6.73856814509404	19.246843416977	0.370150699743653	73.1801263150304	0.0426126440796367	205.577151632884	16.2592838109644	12	0.0790909090909091	5	0	-179.2871992043	142.1521351215	-154.3697378386	-44.3108946263	60.6813736416
antonia_d_ormois_C12	1835	NA	NA	1.66	RF45	RF	3	NR230	NR	1	NR240	NR	1	2	-0.684233777357043	0.982252406822992	11.269669300798	1.436514401711	0.230256256361565	1.91909849016503	0	1.91909849016503	0	30	0	11	0	137.7437471347	67.8694658472	59.6802231305	13.2469908936	9.4069642742
ayrshire_queen_G1	1835	NR	1	1.33	NR176	NR	1	NR252	NR	1	R101	R	2	2	-0.37154102710128	0.449967332837742	6.28450709137759	2.9786023272453	0.334237004025961	5.81089550250769	0.224056603773585	10.4384171488816	2.59635756495024	9	0.248730964467005	5	0	-138.9991344876	-24.518259028	103.7225535389	25.5929342847	50.9513416935
bacchante_A5	1811	NR	1	1	NR114	NR	1	NR158	NR	1	NR151	NR	1	2	-0.612869122061589	0.84571940344864	9.69001256030511	2.40651952540468	0.424438750900931	3.31989006604189	0	2.9879010594377	0	30	0	9	0	148.6877988619	78.8956269464	74.4930451463	9.388725016	34.8334622463
baron_de_wassenaer_D4	1854	NR	1	1	NA	NA	NA	NR197	NR	1	NR196	NR	1	1	0	0	9.41503363862736	29	0.894550891488198	3.45017963073051	0	4.43594523951066	0	30	0	8	0	34.8270472296	9.288689072	0.613487934	-56.2979026855	-38.5116761856
beau_narcisse_H5	1828	NR	1	1.33	NR1	NR	1	NR1	NR	1	R1	R	2	3	-0.311313607400792	0.365217296306701	7.07396696407199	4.62442742177619	0.556230252020092	69.6680534966735	0.0837912087912088	75.2038958284932	17.5475756933151	12	0.233333333333333	6	0	6.3829106142	32.5379224204	48.9383684646	7.8531378454	32.0438161141
belle_de_baltimore_G5	1843	NR	1	1	NR108	NR	1	NR149	NR	1	NR142	NR	1	1	0	0	9.41384917761625	29	1.40031583192301	15.6325341194599	0	28.4891976943427	0	30	0	6	0	-46.370964057	97.7267390444	-1.6056290005	59.4472983256	-148.4746297191
belle_helene_A7	1815	NR	1	1	NR10	NR	1	NR14	NR	1	NR7	NR	1	2	-0.336345530573435	0.399822622770732	9.25441550514766	2.08415532118949	0.648207936193699	9.00407660428269	0	8.56485335529329	0	30	0	8	0	148.3839434359	77.2611588841	73.297286646	8.6055382973	33.0370098554
belle_herminie_B10	1819	NR	1	1	NR40	NR	1	NR56	NR	1	NR58	NR	1	2	-0.180458175108498	0.197766023998835	9.1635829274519	2.37838693547563	0.975804265739086	24.4779559081747	0	27.3082195600574	0	30	0	6	0	144.9301676946	85.6952522638	77.6035761479	9.5519577091	31.9864910745
belle_isis_F7	1845	NR	1	1	NR58	NR	1	NR76	NR	1	NR73	NR	1	2	-0.337395491631012	0.401293153877259	7.28699165117937	1.95314071521063	0.586834935388834	33.48182646683	0	37.7561021859998	0	30	0	6	0	139.8289366697	91.2040273786	76.0682982695	12.3486870135	29.3043333632
belvedere_G8	1829	NR	1	1	NR28	NR	1	NR40	NR	1	NR39	NR	1	1	0	0	10.7206925669818	29	1.09046745511192	65.867888212225	0	153.812376319756	0	30	0	8	0	-76.3519874726	130.8225437345	-102.8359617424	56.5636230514	-57.1716291808
bijou_des_amateurs_A8	1837	NR	1	1	NR8	NR	1	NR11	NR	1	NR5	NR	1	2	-0.419527708405536	0.521242915685976	9.07688299679995	2.8259445990429	0.123902010421937	3.50232121485603	0	3.23291189063633	0	30	0	9	0	147.3416965264	84.0259619689	78.4771916564	7.5911173135	33.4108538361
blanche_moreau_A9	1863	NA	NA	1	NA	NA	NA	NA	NA	NA	NR131	NR	1	2	-0.0900941690917387	0.0942773259553322	4.99168275313224	2.90920986863821	0.0962773213230916	4.40140112319596	0	4.51722746854323	0	30	0	5	0	153.0315293441	61.0050160537	61.5364998158	1.3264408917	31.0417079172
blanc_pur_G4	1827	NR	1	1	NR142	NR	1	NR205	NR	1	NR207	NR	1	1	0	0	6.74749300644174	29	1.2211828760009	2.01686523658188	0	2.2291668404326	0	30	0	5	0	-89.0531213765	-106.079852213	72.5739695733	68.4603116493	-38.6875102506
blush_damask_H1	1760	NR	1	1	NR113	NR	1	NR156	NR	1	NR150	NR	1	2	-0.0208505786941791	0.0210694707047449	6.85365314009923	5.60276744420371	0.800575376271798	3.11370869512598	0.020109689213894	7.02908119608663	0.145228950332368	11	0.0206611570247934	5	0	155.4423176404	-13.7395700057	-7.3492834655	5.4757467161	-6.934541869
blush_hip_B3	1834	NR	1	1	NR188	NR	1	NR264	NR	1	NR269	NR	1	2	-0.376431287649478	0.457075416907639	9.47038649446774	10.7650286406683	2.18742634597725	61.5941680620713	0.30640243902439	85.7677034082532	18.5652751458677	15	0.216459977452086	5	1	44.6725582576	24.2437700997	51.119863752	-9.0672952929	-1.6729713737
boula_de_nanteuil_A11	1834	NR	1	1	NR80	NR	1	NR102	NR	1	NR95	NR	1	1	0	0	7.68403760602837	29	1.22073106839869	11.018719288411	0	10.5779705168746	0	30	0	6	0	149.528197373	77.3026616913	73.5386639958	8.7095653821	34.2159236299
bouquet_de_venus_D6	1814	NR	1	1	NR3	NR	1	NR4	NR	1	NR2	NR	1	1	0	0	9.98126046915841	29	1.41015445402326	28.5523260554093	0	38.5456401748025	0	30	0	7	0	143.2546062951	87.1933009796	76.5833295985	9.9750634168	31.1618824828
camaieu_G12	1826	NR	1	1.33	NR51	NR	1	NR69	NR	1	R30	R	2	2	-0.0745079043250381	0.0773538592436839	9.54314628981531	3.93553858804798	0.371249383068522	8.63456054569544	0.0714285714285714	11.9555453709629	0.996295447580243	13	0.0833333333333333	8	0	145.3760012436	84.794197952	75.8071768418	10.7651915244	32.2162989146
capitaine_basroger_C1	1890	NR	1	1	NR173	NR	1	NR246	NR	1	NR256	NR	1	1	0	0	6.2993181887521	29	0.985688330909906	7.31252479881834	0	9.62174315633992	0	30	0	4	0	-9.6409703009	-39.0188776137	78.1558559251	-36.9568411119	30.0774896456
caroline_banks_A12	1889	NR	1	1	NR129	NR	1	NR185	NR	1	NR183	NR	1	2	-0.461276749405636	0.586097742153774	5.91988791160298	2.3235349823047	0.734610430928436	10.1114058350837	0	9.45905707152995	0	30	0	4	0	-93.7670718623	25.5087875745	-53.0031135206	-85.2716588562	17.7570828757
celine_F12	1824	NR	1	1	NR39	NR	1	NR55	NR	1	NR57	NR	1	2	-0.624806034647149	0.867883617587701	6.59885975478088	2.91768798304682	1.30776841020153	12.5464786959084	0	11.2549294183884	0	30	0	3	0	-106.4983077772	-32.3700076422	-44.6809031428	-85.4473991763	-67.1071948491
champmey_pink_cluster_B1	1811	NR	1	1	NA	NA	NA	NR280	NR	1	NR290	NR	1	1	0	0	9.497012096697	29	1.00562741053171	13.399948724207	0	13.399948724207	0	30	0	8	0	-176.6956868595	56.1279824162	-61.0803260743	-4.3593556818	-170.8127064299
charles_lawson_B4	1853	NR	1	1	NR136	NR	1	NR196	NR	1	NR195	NR	1	1	0	0	6.93908740145582	29	1.81702810193433	7.87034276769783	0	7.01191445286254	0	30	0	1	0	-18.3485927783	-69.7651774033	66.2508710953	-75.6627755458	10.9659551497
charles_quint_B2	1856	NR	1	1	NR165	NR	1	NR236	NR	1	NR246	NR	1	1	0	0	7.53183332919729	29	1.32645900132142	25.2679613281816	0	24.7725111060604	0	30	0	5	0	148.0193297961	74.2478012991	64.5437915802	12.9845822552	30.5009396221
chloris_F10	1814	NR	1	1	NR57	NR	1	NR75	NR	1	NR72	NR	1	2	-0.0250538887988768	0.0253703750135298	6.65984443636113	2.14128058319469	0.69229788694704	6.80416709543349	0	9.66272250239075	0	30	0	5	0	145.5297693833	6.9724318703	-14.8516113307	20.9061682861	19.0251400023
claire_jacquier_F8	1887	NR	1	1	NR77	NR	1	NR99	NR	1	NR93	NR	1	1	0	0	5.9897362691756	29	1.29330907435513	17.4880164673	0	35.3098717217878	0	30	0	3	0	-128.4170856786	-13.8461957942	10.0966256933	139.3906496408	-149.494956126
clementine_B4	1818	NR	1	1	NR184	NR	1	NR258	NR	1	NR263	NR	1	2	-0.194360351492665	0.214533863200648	7.06724079167171	1.8430567122797	0.135428070587551	14.1551376648889	0	14.7157371763697	0	30	0	5	0	136.9256351969	16.6214435856	19.7989959082	17.6094641693	-40.8728186625
clotilde_soupert_B11	1889	R	2	1.66	R53	R	2	R71	R	2	NR231	NR	1	3	-0.503651244513216	0.654752158616694	9.18151250942486	20.1209222553023	0.798362730448139	30.2944949731588	0.0205314009661836	37.1677219461073	2.05449719300091	28	0.0552763819095477	6	0	-172.2810272375	124.8043034594	-134.3969250838	27.7446278686	59.8640448298
comtesse_de_murinais_E10	1843	NR	1	1	NA	NA	NA	NR111	NR	1	NR102	NR	1	1	0	0	7.98963903945319	29	1.45931940351367	7.1507707611757	0	6.18816700486359	0	30	0	6	0	145.3383323215	-15.7486668934	-1.3549350685	5.3256325688	-46.9593889856
corporal_johann_nagy_D10	1890	NR	1	1	NR41	NR	1	NR57	NR	1	NR59	NR	1	1	0	0	9.10380960396582	29	0.850894523910056	18.564323872486	0	24.5436926061703	0	30	0	7	0	33.5114454476	47.1284873131	-22.2591358499	-56.4144950543	15.966927173
cramoisi_eblouissant_B6	1829	NR	1	1	NR201	NR	1	NR278	NR	1	NR286	NR	1	1	0	0	9.25258474807232	29	0.816975742356608	14.7262155637022	0	30.5432619099008	0	30	0	8	0	143.4372728706	80.0495834365	67.6610825093	11.3418871616	29.6037128648
cramoisi_superieur_B7	1832	NA	NA	NA	NA	NA	NA	NA	NA	NA	NA	NA	NA	NA	NA	NA	NA	NA	NA	NA	NA	NA	NA	NA	NA	NA	NA	-234.5598777763	-6.0305326983	-12.2782833789	-16.9187766241	39.3501784944
creme_H3	1894	NR	1	1	NR132	NR	1	NR189	NR	1	NR188	NR	1	2	-0.0134779309530289	0.0135691676978081	10.2865723371242	2.79064393418616	0.608411390759534	47.4988430086759	0	162.789797898068	0	30	0	8	0	-34.1919635202	103.4083019275	-0.6329756694	67.5173157187	-136.2844795351
crimsom_rambler_B8	1893	NA	NA	NA	NA	NA	NA	NA	NA	NA	NA	NA	NA	NA	NA	NA	NA	NA	NA	NA	NA	NA	NA	NA	NA	NA	NA	-189.6426621457	162.6410869305	-171.3454542059	-53.6488992961	43.6687408462
crimson_globe_B3	1839	NR	1	1	NR127	NR	1	NR179	NR	1	NR176	NR	1	2	-0.00501254182354429	0.00502512562814071	6.63005965158306	23.0324211747902	0.257792618210084	4.9343048677	0.00515463917525773	4.44854428486836	0.0766990393942821	30	0.0172413793103448	3	0	39.2057881783	0.3672783488	32.5575225043	-39.3846208289	7.4157051178
dawson_H1	1888	NR	1	1	NR20	NR	1	NR28	NR	1	NR26	NR	1	1	0	0	5.08392810765575	29	1.89470051989245	11.0619808848923	0	25.5612538927356	0	30	0	1	0	-212.2285950718	125.265249108	-146.5194713021	-69.4039399671	46.7554812418
delille_B12	1852	NA	NA	2	RF36	RF	3	NR218	NR	1	R83	R	2	3	-0.811773642278473	1.25189850915333	11.4127380256711	3.58741889665806	0.0821048289037198	4.50034054641408	0.2	6.75051081962112	3.37525540981056	15	0.5	11	0	35.323782048	10.2659799144	35.0435324929	-6.9734641236	-44.1179982424
desprez_a_fleur_jaune_B10	1835	NA	NA	NA	NA	NA	NA	NA	NA	NA	NA	NA	NA	NA	NA	NA	NA	NA	NA	NA	NA	NA	NA	NA	NA	NA	NA	-182.5912704899	-35.9165891907	18.0110455404	95.2732681005	-99.2552595851
deuil_de_paul_fontaine_B11	1873	RF	3	3	NA	NA	NA	RF70	RF	3	RF95	RF	3	4	-1.07270946794495	1.92328933816709	7.50407839240571	7.49681824559715	0.079970757822788	1.42007808773924	0.777777777777778	2.13011713160886	4.26023426321771	10	2	7	0	18.1825920462	7.1432709499	48.6113940417	-40.5699511005	0.1694781787
dona_sol_A1	1842	NR	1	1	NR169	NR	1	NR241	NR	1	NR251	NR	1	1	0	0	9.50107571108055	29	1.28817358829133	26.0088964353798	0	35.6693436828066	0	30	0	7	0	143.2999309006	82.0629079516	75.4988563826	11.1766316796	19.7069379244
duc_d_anjou_B12	1862	NR	1	1	NR5	NR	1	NR7	NR	1	NR39	NR	1	1	0	0	8.49368084507527	29	1.90893930437913	7.8998932192098	0	10.3306295943513	0	30	0	5	0	148.9254874487	71.7145938563	65.2930860003	9.8963343635	34.491368741
duc_de_cambridge_B6	1840	NR	1	1	NR18	NR	1	NR23	NR	1	NR183	NR	1	2	-0.00200200267067308	0.00200400801603207	7.64252891397511	22.1168864474731	0.17699476506141	11.3977194655211	0.00221729490022173	9.49809955460095	0.0759847964368076	30	0.008	5	0	35.7367542136	13.1593367627	3.622305498	-56.1758504381	-16.3276297058
duchesse_de_montebello_H7	1824	NR	1	1	NR84	NR	1	NR108	NR	1	NR100	NR	1	1	0	0	7.81586676818987	29	0.771923324969629	16.4864920596549	0	21.0660731873368	0	30	0	6	0	144.3417450089	81.3625768157	74.2006387942	9.4075953313	32.3010274457
duchesse_de_portland_C2	1799	NR	1	1	NR43	NR	1	NR60	NR	1	NR61	NR	1	1	0	0	7.75960225600236	29	1.20221080520301	1.74641651939956	0	1.84914690289365	0	30	0	6	0	144.4936582512	18.7784378994	29.2169217098	-1.8740999261	-33.0882007426
duchesse_de_verneuil_A7	1859	NR	1	1	NR16	NR	1	NR21	NR	1	NR15	NR	1	1	0	0	9.18037193985097	29	1.18107200338569	22.3349968432811	0	26.9333785463095	0	30	0	7	0	152.6316460387	56.2694852661	61.4751567265	2.1168346935	16.2797181284
duchesse_du_berry_C1	1825	NR	1	1	NR153	NR	1	NR220	NR	1	NR228	NR	1	1	0	0	11.5998073755123	29	0.32291432826884	5.86869005647338	0	10.5636421016521	0	30	0	11	0	149.7515663949	76.6335716573	74.0035072892	7.9679177651	32.8794608498
enfant_de_france_B10	1857	R	2	2.5	NA	NA	NA	R32	R	2	RF47	RF	3	2	-0.417973882388277	0.518881004339874	5.73115292864276	11.9779520621502	1.42978373811699	51.4862569174787	0.336747759282971	14.9091477560267	3.5781954614464	10	0.24	1	1	30.1967534998	5.2240529351	80.2022551298	92.86258191	31.5773482148
ernest_morel_C3	1898	RF	3	2.66	RF56	RF	3	R92	R	2	RF107	RF	3	2	-0.510825623765991	0.666666666666667	8.49036527124059	10.1613570078767	0.319288410336377	8.52379681679692	0.6	4.26189840839846	8.52379681679691	18	2	8	0	-90.2227598652	-117.6097713422	72.3495426766	-113.3455753813	12.6552048817
ernst_dorell_F11	1887	NR	1	1	NR26	NR	1	NR37	NR	1	NR35	NR	1	1	0	0	8.52368429859919	29	2.33297407061744	26.9209879978106	0	26.3129476138962	0	30	0	2	0	-62.7826019723	82.1609575575	-45.3553855814	-64.098667659	-28.314664793
etoile_de_lyon_G11	1881	R	2	2	NA	NA	NA	R8	R	2	R10	R	2	7	-1.32236783100015	2.75229566870952	7.93707346988032	13.1139259205188	0.0466394323390246	25.4386040841093	0.189189189189189	5.08772081682186	1.69590693894062	17	0.333333333333333	8	0	-203.4675157773	-146.3608260019	113.9790230556	179.3525290745	44.676537522
eugene_furst_C12	1875	RF	3	3	RF48	RF	3	RF72	RF	3	NA	NA	NA	NA	NA	NA	NA	NA	NA	NA	NA	NA	NA	NA	NA	NA	NA	-135.6887283193	-138.7577132328	65.4100715744	-145.2229324857	33.8053549196
euphrosine_G10	1895	NR	1	1.33	NR45	NR	1	NR62	NR	1	R24	R	2	2	-0.278292620171457	0.320872654646393	5.79205295533235	4.20091588422189	1.36970103439089	7.89583869968859	0.22949777495232	20.0653326691756	6.24761494472059	9	0.311363636363636	3	0	-201.5502011992	151.7333885432	-166.6097885686	-73.3209205909	46.2282974034
fatinitza_A3	1886	NA	NA	2.33	NR37	NR	1	RF21	RF	3	NR54	NR	1	2	-0.0120725812342692	0.0121457489878543	6.32843592654591	22.5104960616609	0.793158869862963	11.6239600366589	0.0169014084507042	20.400216396715	0.333064757497388	28	0.0163265306122449	4	0	-182.870950616	41.2749237692	-56.3080827276	67.8280802513	59.8997321402
francois_arago_C6	1858	RF	3	3	RF55	RF	3	RF79	RF	3	RF106	RF	3	4	-1.02235578982601	1.77973552928403	4.77429015681184	16.4435078671189	0.509822012093178	4.54514601911325	0.553571428571429	5.63598106370043	3.27250513376154	8	0.580645161290323	1	1	-131.0010370015	-125.9758325118	62.6356775994	-81.6655015356	31.4496236201
francois_foucard_C7	1900	R	2	2.33	R14	R	2	R14	R	2	RF21	RF	3	2	-0.20271951930782	0.224728907256999	8.54684267102582	9.5740381936604	2.24115478257126	12.1558699060204	0.207513416815742	30.4582744823537	2.99094767439329	12	0.0981981981981982	3	1	-167.4775629704	45.6750527031	-46.0716069804	135.2799271403	30.2139930115
fulgens_gallique_D1	1828	NR	1	1	NA	NA	NA	NR215	NR	1	NR221	NR	1	1	0	0	6.62411755729387	29	2.28250987514999	23.8955192766947	0	25.9392150043068	0	30	0	2	0	-42.7414312016	-6.9590818448	51.2584115681	30.4362726814	5.2513815284
gaspard_monge_B8	1854	NR	1	1	NR23	NR	1	NR32	NR	1	NR30	NR	1	2	-0.483171455686452	0.62120784648827	6.89130349340167	2.6009174448276	1.34332372863871	11.7008462121397	0	7.77209492923147	0	30	0	3	0	3.8182843625	20.7089675264	12.2673643716	-40.3586434712	-29.2338139672
geant_des_batailles_C8	1846	NA	NA	NA	NA	NA	NA	NA	NA	NA	NA	NA	NA	NA	NA	NA	NA	NA	NA	NA	NA	NA	NA	NA	NA	NA	NA	-120.1364757275	-77.2479109368	55.4035229652	-98.9539897392	19.9131991489
general_jacqueminot_C9	1853	NA	NA	NA	NA	NA	NA	NA	NA	NA	NA	NA	NA	NA	NA	NA	NA	NA	NA	NA	NA	NA	NA	NA	NA	NA	NA	-92.781672399	-104.0111561857	50.2488071013	-128.4759213199	4.6431774816
general_kleber_B7	1856	NR	1	1	NR15	NR	1	NR20	NR	1	NR14	NR	1	1	0	0	9.65671702038281	29	1.03805977801341	19.2973099088065	0	20.6467721401916	0	30	0	8	0	144.6086766055	60.6581854666	52.8137959816	11.5283441443	16.8103569454
geschwind_s_orden_D9	1886	NR	1	1	NR32	NR	1	NR48	NR	1	NR49	NR	1	1	0	0	8.83847157568229	29	1.96552091680354	14.8392113787812	0.00530785562632696	51.8659736024635	0.15836938504569	15	0.00305343511450382	5	0	33.848112825	-52.9673420554	-48.7759493098	-21.8908150272	-52.0727960647
gilda_A6	1887	NR	1	1.33	NR2	NR	1	NR2	NR	1	R2	R	2	3	-0.776520453502811	1.17389492182295	7.34490814033622	5.21814237048752	0.585239837084376	8.58013804673668	0.0932203389830508	6.37496238051931	1.26296424519722	12	0.19811320754717	5	0	-20.0350063932	62.6121706122	-37.4351090732	-47.4608892475	24.6694925807
gloire_de_dijon_C11	1850	R	2	2	NA	NA	NA	NA	NA	NA	R81	R	2	3	-0.420847844194823	0.523252489066192	9.21945401516855	10.6600773756677	0.0582509072101248	1.58580483685802	0.282051282051282	2.2087995941951	0.849538305459652	12	0.384615384615385	6	0	-104.6557732403	-65.1236775212	65.5890915918	67.6521788621	12.8776968335
gloire_de_ducher_C12	1865	NA	NA	NA	NA	NA	NA	NA	NA	NA	NA	NA	NA	NA	NA	NA	NA	NA	NA	NA	NA	NA	NA	NA	NA	NA	NA	-135.5488530573	-76.8975419709	44.3037049533	-106.1541808105	7.7334385867
gloire_des_rosomanes_D1	1825	RF	3	3	RF16	RF	3	RF34	RF	3	RF44	RF	3	4	-0.716839105971334	1.04794961735	5.84291303332916	23.0105335750418	0.831938985789466	7.47375925287426	0.788990825688073	2.59956843578235	3.24946054472794	10	1.25	4	0	-88.9876196829	-52.3097979146	-22.5417223011	40.0656463189	-63.3659241602
himmelsauge_A12	1893	NR	1	1	NR133	NR	1	NR190	NR	1	NR189	NR	1	1	0	0	6.92269936546024	29	1.5598960387128	23.974397718942	0	24.891370364577	0	30	0	2	0	-6.8035938761	138.0772759729	-65.3212506021	-24.9997618838	42.5961158826
hippolyte.D7	1832	NR	1	1	NR12	NR	1	NR17	NR	1	NR12	NR	1	1	0	0	8.99669866000163	29	1.89937369262843	13.6164530072946	0	17.8860187807683	0	30	0	6	0	5.8967300009	78.1748895768	2.083093217	-24.2916782033	28.9167306553
horace_vernet.E7	1866	NR	1	1	NR6	NR	1	NR8	NR	1	NR4	NR	1	2	-0.25551920288067	0.29113180622987	6.77744199811552	2.48113941166056	0.791748207393106	10.2522634968743	0	18.5062044477476	0	30	0	5	0	129.4446836438	21.0485896066	26.2348714664	4.9005958681	-56.9719043376
hovyn_de_tronchere_D3	1899	RF	3	3	NA	NA	NA	NA	NA	NA	RF17	RF	3	3	-0.918458816090588	1.50542609052621	5.00969935459009	19.4076434004542	1.15556037611443	7.44495993028072	0.62962962962963	2.23348797908422	3.35023196862632	12	1.5	3	0	-194.5153023447	-115.1143830519	92.6611182452	177.9040149805	39.1742512928
hume_s_blush_tea_scented_china_C7	1809	RF	3	3	RF3	RF	3	RF4	RF	3	RF7	RF	3	3	-0.750346604976493	1.11773390653127	7.90079176321763	17.2112998657693	2.44010400988292	85.0013886621159	0.497777777777778	21.0622909959225	9.77892081953545	12	0.464285714285714	4	1	-244.4056916941	-86.3033137298	49.2140461064	76.8277870869	49.6777994578
hybride_de_rosa_wichurana_H12	NA	NA	NA	NA	NA	NA	NA	NA	NA	NA	NA	NA	NA	NA	NA	NA	NA	NA	NA	NA	NA	NA	NA	NA	NA	NA	NA	-146.3629762121	157.7971304448	-145.1525705017	-14.3504772728	62.4998794639
imperatrice_josephine_E9	1815	NR	1	1	NR88	NR	1	NR118	NR	1	NR112	NR	1	1	0	0	9.31963731904937	29	1.10451540931338	12.3092187573187	0	13.0667091423845	0	30	0	8	0	155.8534353813	19.5817827791	11.905907034	12.4923348254	18.3858585025
indigo_D3	1830	R	2	2.33	RF49	RF	3	R85	R	2	R105	R	2	3	-0.83571856999435	1.30647081368433	6.75709017699963	6.60603612780811	0.197228196214568	18.3773514338487	0.193989071038251	14.7641772536344	5.79353790965399	13	0.392405063291139	5	0	147.2169452784	60.8868346795	60.7594479987	7.0468062538	9.9129913174
jacques_cartier_blanc_G1	1868	R	2	1.66	R51	R	2	R65	R	2	NR220	NR	1	2	-0.0264009576119996	0.026752550201148	8.97393280101012	10.8561923127732	2.99645054629867	29.3497208088672	0.0277777777777778	20.7544454291275	0.94338388314216	18	0.0454545454545455	4	0	24.4821779237	76.9281095216	25.722664863	2.5313557604	-44.8864220677
janet_s_pride_D2	1894	NR	1	1	NR182	NR	1	NR257	NR	1	NR261	NR	1	1	0	0	8.08062129993105	29	1.29388179307639	3.30595659741613	0	5.41653905791344	0	30	0	6	0	119.6509157805	94.0184749835	61.1537642494	23.411824654	21.6648796774
jean_bach_sisley_D4	1898	RF	3	2.66	RF23	RF	3	RF46	RF	3	R66	R	2	5	-1.27380860090212	2.57444028732296	4.63443495537251	16.4202309123327	0.123595438737243	15.7374707528713	0.228571428571428	5.63440310905268	1.74860786143014	15	0.310344827586207	2	0	-215.6964793901	-77.1234697827	43.2110608375	120.4710709701	46.5507723632
jeanne_d_arc_G2	1818	RF	3	3	RF24	RF	3	RF47	RF	3	RF62	RF	3	3	-0.714679164389201	1.04353093957419	8.70205280667159	15.8640372829615	0.666334141687432	23.7142381746044	0.596936080295827	91.8110872447987	104.21211087739	11	1.13507109004739	6	0	-162.9380904758	144.3832897198	-149.5258646586	-13.0750107213	71.691686837
jenny_duval_G8	1842	NR	1	1	NR76	NR	1	NR98	NR	1	NR92	NR	1	1	0	0	9.62903400078764	29	1.06712018205922	27.2698790883032	0	31.544154807473	0	30	0	6	0	148.0607440192	76.939186692	72.4964603426	8.8932439778	33.7470153763
jersey_beauty_F1	1899	NA	NA	1.5	NA	NA	NA	NR251	NR	1	R100	R	2	3	-0.355798196922414	0.427319481734354	6.09352366578948	5.61234914713267	0.309399464005807	12.4075224563987	0.0412844036697248	16.91934880418	0.890492042325266	11	0.0526315789473684	5	0	-136.9171886998	49.7747190462	-48.935049162	120.2522663586	47.5648361131
julie_de_mersan_C7	1854	NR	1	1	NR54	NR	1	NR72	NR	1	NR69	NR	1	2	-0.00747202112503551	0.00750000633348204	8.90172072184817	3.78050454153691	0.682125754305594	7.96780745475672	0.00617283950617284	12.3228823368598	0.148468461889877	13	0.0120481927710843	7	0	90.41111067	10.3550955725	69.6460342174	-42.8285039268	4.004817706
la_belle_distinguee_E1	1811	NR	1	1	NR175	NR	1	NR250	NR	1	NR257	NR	1	3	-0.244221055096752	0.276626504095728	7.03682889731685	4.90097039106714	0.552057009074031	18.9146013679911	0	45.9571639664041	0	30	0	6	0	156.5435162969	3.5335622965	2.1013871991	10.6895114347	15.031232612
la_biche_E6	1832	RF	3	3	NA	NA	NA	RF3	RF	3	RF4	RF	3	4	-1.17865499634165	2.25	5.53183172990465	19.5102637977704	0.281143521693252	5.1815478680273	0.857142857142857	2.59077393401365	7.77232180204095	13	3	5	0	-208.5753525261	-85.62655094	40.3864217423	38.1279182895	36.3677770724
la_caille_A2	1857	NR	1	1	NR115	NR	1	NR159	NR	1	NR152	NR	1	1	0	0	8.174104394953	29	1.31706411072005	13.0486355963206	0.00301204819277108	15.8475876426613	0.118265579422846	13	0.00746268656716418	6	0	32.1787020758	-22.049942237	37.2040099408	-63.3842104852	-3.3512526508
la_favorite_A10	1899	RF	3	3	RF43	RF	3	R78	R	2	RF92	RF	3	2	-0.479013223172177	0.614480483970892	5.32458349499034	14.8773450219238	1.26155231288857	22.1582858181307	0.415841584158416	7.8868474945889	2.06560291524947	11	0.261904761904762	3	1	-111.7238318116	-113.5927654069	75.5626990281	54.132082084	20.4799389432
la_france_D7	1867	NA	NA	1.66	NR203	NR	1	NR279	NR	1	RF109	RF	3	2	-0.405465108108164	0.5	14.0116635502635	5.46754253462835	0.0851918663632792	2.69592949469246	0.666666666666667	2.69592949469246	2.69592949469246	19	1	14	0	-94.3456213601	-99.1490246098	55.1748225858	-7.1925090256	5.0340875066
lamotte_sanguin_D12	1869	R	2	2	R56	R	2	R75	R	2	R90	R	2	2	-0.391019883614878	0.478487910805103	6.6768304071326	5.84990877890012	0.979703208120523	8.88339533988986	0.245283018867925	9.5496499903816	2.22084883497247	11	0.232558139534884	5	0	-33.1266053557	-49.9977446218	65.626980674	-84.9674186462	-8.7619609167
la_noblesse_B2	1857	NR	1	1	NR179	NR	1	NR255	NR	1	NR259	NR	1	1	0	0	7.152381817359	29	1.0899023770302	6.27576172357866	0.0065359477124183	6.56477706611189	0.123863718228526	11	0.0188679245283019	5	0	-8.8784310647	-42.4217728766	46.8731385326	-68.9885086491	7.9019407228
la_reine_D8	1842	NA	NA	NA	NA	NA	NA	NA	NA	NA	NA	NA	NA	NA	NA	NA	NA	NA	NA	NA	NA	NA	NA	NA	NA	NA	NA	-17.169789453	-24.7461643244	53.6528948061	-91.6015735976	6.2627255677
la_sirene_A9	1875	NR	1	1	NR29	NR	1	NR44	NR	1	NR45	NR	1	1	0	0	8.95990618395254	29	0.971793336868057	17.16049227802	0	37.8540270838675	0	30	0	5	0	-100.3221990694	78.9163345761	-51.205415769	-61.2979081775	-24.4273028293
lea_F1	1825	NR	1	1	NR146	NR	1	NR213	NR	1	NA	NA	NA	NA	NA	NA	NA	NA	NA	NA	NA	NA	NA	NA	NA	NA	NA	127.3220054382	14.9356427899	14.904439068	13.3965028383	-55.0880169281
leda_E6	1827	NR	1	1.33	NR48	NR	1	NR65	NR	1	R26	R	2	2	-0.260116725657322	0.29708148051824	6.71520807629202	3.65340506951087	0.314244007822128	1.7489266930351	0.230769230769231	2.09871203164212	1.04935601582106	10	0.5	5	0	136.8273361723	28.1326984185	34.4734712565	5.0498877757	-45.0736147607
leuchtstern_G2	1889	NR	1	1	NR187	NR	1	NR262	NR	1	NR267	NR	1	1	0	0	7.84588993975566	29	0.909058541328986	25.282539598386	0	84.9796829373402	0	30	0	6	0	-117.068988437	113.0128176235	-103.9781269596	19.5977195581	-108.0968500332
louis_lille_D9	1887	NR	1	1	NA	NA	NA	NR27	NR	1	NR25	NR	1	2	-0.0935761576535159	0.0980942284366908	7.02355303584742	2.37890521193876	0.123782905166916	14.7259852290351	0	20.0808889486842	0	30	0	7	0	149.0836630741	76.6700934529	71.9894420196	9.5847936987	33.9454973012
marguerite_de_roman_E12	1882	RF	3	2.66	R2	R	2	RF5	RF	3	RF8	RF	3	5	-1.06650088141538	1.90519606829527	5.99922315570277	20.2604753262113	0.0757262659878984	3.78571204783934	0.909090909090909	3.78571204783935	11.357136143518	8	3	6	0	-28.4425947086	-1.5657778412	45.6647950587	-77.1263857744	-44.795019173
marie_dermar_G5	1889	NR	1	1	NR13	NR	1	NR18	NR	1	NR13	NR	1	5	-0.956733593495353	1.6031795285488	5.75227466107212	15.1076803664515	0.634044751588172	4.91341804582899	0.37070938215103	4.66328039985951	2.57284435854318	15	0.551724137931034	4	0	-43.2870818595	-75.632043109	22.6235633938	-27.8127996258	-45.6066498464
maupertuis_H8	1868	R	2	2	R8	R	2	R10	R	2	R11	R	2	2	-0.29651252442853	0.345159407244608	8.63666806864473	2.44261866978219	1.64117312582257	22.3022821301321	0.0919540229885058	18.632286336566	2.54076631862264	14	0.136363636363636	2	0	149.7510298604	75.5396806198	76.1983725782	-0.3403486713	19.2942887051
may_queen_D11	1898	NA	NA	1.5	NA	NA	NA	NR47	NR	1	R18	R	2	2	-0.188809908520381	0.207811336015563	6.64561633407079	3.18835575017165	1.08832256917113	12.5809150247925	0.13887506222001	13.3517687777566	4.86510528993419	10	0.36437908496732	2	0	-94.1567128939	17.3558786864	-44.4492415799	-6.8334269688	7.9493219745
mercedes_B1	1847	NR	1	1	NR170	NR	1	NR242	NR	1	NR252	NR	1	2	-0.500750522661104	0.649959137841197	8.00933409193942	1.68455311125421	0.339084094300228	13.9529331864115	0	17.1920069618284	0	30	0	7	0	151.2319845993	71.0560699185	64.7683842197	12.438033338	33.4324037901
minette_D8	1819	NR	1	1	NR21	NR	1	NR30	NR	1	NR28	NR	1	2	-0.134897978134805	0.144420022530022	6.91863621044557	2.79361270390101	0.536131171492516	10.4554279245741	0	11.0890902230331	0	30	0	6	0	156.7693283835	-96.3499682925	-83.9435360884	22.099867515	-69.4595307246
miranda_F10	1869	R	2	1.66	R26	R	2	NR110	NR	1	R46	R	2	3	-0.950281501691638	1.5864376434186	6.71595462926237	4.72880306823269	0.463411313004871	26.8018557490106	0.129032258064516	23.8238717768983	7.44495993028072	12	0.3125	5	0	52.9102596492	13.1503514158	20.158795215	-2.5319909491	-30.480567125
mle_cecile_brunner_D12	1880	RF	3	2.66	RF12	RF	3	R19	R	2	RF30	RF	3	4	-1.04697418791341	1.84901747125445	8.73662712657029	16.0264344708315	2.03446123462134	26.3313870736817	0.468354430379747	20.6889469864642	12.5387557493722	18	0.606060606060606	6	0	-164.4839804049	-36.7995398421	23.0085181809	152.8338149759	-101.6292943483
mme_a_meilland_climbing_E1	1935	NA	NA	NA	NA	NA	NA	NA	NA	NA	NA	NA	NA	NA	NA	NA	NA	NA	NA	NA	NA	NA	NA	NA	NA	NA	NA	-130.5839898913	-107.6541906974	84.3612405015	29.1202100272	7.4947179245
mme_antoine_mary_E3	1890	RF	3	3	NA	NA	NA	RF7	RF	3	RF12	RF	3	3	-0.918146262915326	1.50464313401038	6.44848185134932	15.9407206966206	1.85276655729872	10.0820620422126	0.635416666666667	7.20147288729473	7.20147288729473	13	1	2	1	-222.102483791	-113.2859429397	77.186695384	121.1643020395	15.3122117893
mme_de_la_roche_lambert_B7	1851	RF	3	2.66	R17	R	2	RF28	RF	3	RF33	RF	3	4	-0.929628537321463	1.53356787688983	7.25373404601569	14.3089638446108	0.621967024292424	1.64451940555545	0.692307692307692	2.05564925694431	4.11129851388861	10	2	6	0	88.6458291732	62.1202029534	73.4966582305	-10.1100746516	0.7437315404
mme_d_herbray_E4	1857	NR	1	1	NR163	NR	1	NR234	NR	1	NR244	NR	1	2	-0.480359919209765	0.616656163101836	6.06846196974379	2.48250971553742	0.663849982761474	23.1466852151074	0	21.5503620968242	0	30	0	4	0	139.8460428871	89.7308915494	74.8010712574	11.8280335997	29.5604827349
mme_edouard_ory_D9	1854	NR	1	1	NR70	NR	1	NR92	NR	1	NR86	NR	1	3	-0.41316832388663	0.511599442814417	5.89408002608092	23.5145673761554	0.235791999037894	7.12701318240889	0.0256410256410256	5.85165292871466	0.337595361272	13	0.0576923076923077	1	0	22.5331417225	35.2664745442	55.2200454646	-50.485152025	-15.7629949004
mme_emilie_charon_E5	1895	RF	3	3	RF51	RF	3	RF74	RF	3	RF102	RF	3	3	-0.647011834020732	0.909825418626981	4.83510458100015	14.14625133677	0.368126095898629	7.63845712754043	0.482993197278911	4.8242887121308	2.4121443560654	11	0.5	1	1	-239.1279352565	-138.2075818255	103.5478690581	137.8086752434	67.9783395945
mme_ernest_calvat_F1	1888	NA	NA	NA	NA	NA	NA	NA	NA	NA	NA	NA	NA	NA	NA	NA	NA	NA	NA	NA	NA	NA	NA	NA	NA	NA	NA	-131.0335734958	-134.6367398518	56.6917629176	-38.8361596685	-8.8359359309
mme_e_veyrat_hermanos_G3	1895	RF	3	3	NA	NA	NA	RF29	RF	3	RF34	RF	3	5	-1.35493796139198	2.87652045524005	5.63773615628051	21.8400423394023	0.513132672569983	1.6696389528007	0.829931972789115	1.80321006902475	3.90695514955363	9	2.16666666666667	4	1	-204.8173396568	-89.8854912774	66.7540889335	152.1680248863	17.6368878142
mme_hardy_B11	1832	NR	1	1	NR46	NR	1	NR63	NR	1	NR64	NR	1	1	0	0	9.23780796729628	29	1.00747260458606	11.6609078071679	0	13.4675273265883	0	30	0	7	0	120.1538104373	50.5518317656	37.82438926	15.4194757663	-42.4111253861
mme_lambard_E8	1878	RF	3	3	RF19	RF	3	RF43	RF	3	RF59	RF	3	2	-0.423872278946859	0.527866440610884	3.5580692581112	10.1401509264099	1.78886824427871	24.8601445252857	0.315352697095436	6.47870433083204	2.10934559608485	8	0.325581395348837	1	1	-234.4290619789	-155.4211406882	119.3654604521	126.296469116	45.9064309998
mme_legras_de_st_germain_E7	1846	NR	1	1	NR56	NR	1	NR74	NR	1	NR71	NR	1	2	-0.00744678072662623	0.00747457695285003	8.59148155011665	5.84128545608292	0.48987553038893	11.3938533224023	0.00770925110132159	10.5845230087133	0.151749433816679	14	0.014336917562724	5	0	132.1885496837	57.2233684271	25.7219559193	27.8369554854	20.6300504014
mme_zoetmans_E12	1830	NR	1	1	NR134	NR	1	NR193	NR	1	NR192	NR	1	1	0	0	9.74070193113992	29	0.922041468339805	7.26120822964289	0	14.5224164592858	0	30	0	8	0	141.7711278559	74.5100642579	62.973504429	13.0581029365	30.9616331654
monsieur_cordeau_H6	1892	RF	3	3	RF35	RF	3	RF61	RF	3	RF83	RF	3	2	-0.261439477632976	0.298798332843756	10.1406436839153	1.89793856327277	0.148286219293257	9.81001717361362	0	11.7720206083363	0	30	0	10	0	-52.4567009137	-66.1463970141	60.3509362802	-128.0675042889	-14.8349734718
narrow_water_D3	1883	RF	3	3	RF25	RF	3	RF48	RF	3	RF63	RF	3	2	-0.187447818152683	0.206167307740497	9.90639243660769	5.92619795874908	1.95324282110787	52.9966367767993	0.111373475009839	102.191034776875	5.91459365268088	15	0.0578778135048232	1	1	-175.2118836454	71.4809346548	-77.3676938012	-17.8024684289	-156.6899254551
nathalie_H4	1835	RF	3	2.66	RF33	RF	3	R63	R	2	RF77	RF	3	3	-0.618685791982144	0.856486628323133	8.18549847963663	16.7637923802022	2.52071978803052	55.9398297463749	0.0381062355658199	30.320327887741	0.90658787704209	20	0.0299003322259136	1	1	-125.1074183575	-41.9337182556	10.6798201931	-18.1578558228	27.1386462655
oeillet_panache_G11	1887	NA	NA	NA	NA	NA	NA	NA	NA	NA	NA	NA	NA	NA	NA	NA	NA	NA	NA	NA	NA	NA	NA	NA	NA	NA	NA	130.6990328933	58.1123757624	59.7305464755	1.1574049346	20.773216035
old_blush_G12	1793	RF	3	3	RF59	RF	3	RF87	RF	3	RF113	RF	3	3	-0.693147180552941	0.999999999985991	1.9976811428467	17.0185038980752	0.0717357950850344	13.5010216392422	0.75	13.5010216392422	13.5010216392422	6	1	2	0	-287.9141306624	-71.4570680985	23.5071618352	-68.2761386771	51.4896981063
olivet_E2	1892	R	2	1.66	NR183	NR	1	R83	R	2	R104	R	2	3	-0.111728668920377	0.118209414512039	5.52151931170049	23.2849867009795	1.01682181157256	12.5739417150169	0.0632911392405063	10.4499650739667	0.764631590778052	12	0.0731707317073171	2	0	-57.2261700863	11.3225078905	11.0932407505	-52.4203241134	4.9877594819
panache_superbe_F3	1811	R	2	2	R61	R	2	R87	R	2	NA	NA	NA	NA	NA	NA	NA	NA	NA	NA	NA	NA	NA	NA	NA	NA	NA	-42.1419939321	-22.1768343982	32.314820978	-71.8390594398	9.8158275841
paquerette_A2	1875	RF	3	2.66	RF46	RF	3	RF69	RF	3	R103	R	2	3	-0.949799159884104	1.58519039723427	8.46343611694809	13.7519843725042	1.13138252120805	86.5452521650081	0.299065420560748	167.320820852349	49.619277907938	16	0.296551724137931	5	0	-155.35535909	155.0690659103	-160.3999181403	-3.4273643877	68.0394712983
parks_yellow_tea_scented_china_C5	1824	NA	NA	1.66	NR143	NR	1	RF58	RF	3	NR212	NR	1	1	0	0	3.36715606908086	29	1.71396963500424	3.11327003074478	0	2.79528758104875	0	30	0	1	0	-134.3726961565	-59.270941707	41.3249469222	148.4483781678	40.6333494511
pergolese_A5	1840	NR	1	1	NR141	NR	1	NR204	NR	1	NR206	NR	1	3	-0.161676594997476	0.175480023722139	9.78402794237698	5.08264258142388	0.0937185753661358	12.2293831670883	0.0217391304347826	9.5117424632909	0.81529221113922	15	0.0857142857142857	7	0	144.0062179394	75.4492432666	70.6165849261	12.9988945475	16.6750155007
perle_d_angers_F12	1879	NR	1	1.33	NR123	NR	1	NR174	NR	1	R68	R	2	2	-0.0248934501732893	0.0252058791959388	5.87781071620469	16.8553753021476	2.36837897179934	9.5064548944652	0.0337078651685393	9.61699506765666	0.331620519574368	15	0.0344827586206897	1	0	-79.132153146	-86.0393511302	41.2031213046	-108.1579594133	7.7154141275
persian_yellow_A1	1837	NA	NA	1.66	NR35	NR	1	RF84	RF	3	NR289	NR	1	1	0	0	6.44987854021065	29	1.10237206309195	15.5370064894944	0	16.1233086211735	0	30	0	4	0	157.465576544	-119.1574873608	-104.8176922747	44.1720261711	21.2514743773
petite_ecossaise_F5	1826	NR	1	1.33	NR107	NR	1	R43	R	2	NR140	NR	1	2	-0.459397588892129	0.583120008602068	3.87258944178482	2.28782577680301	0.605678806437163	6.89693501515514	0	1.9705528614729	0	30	0	3	0	193.6994482142	-169.4549714941	-145.0804328635	26.5777085293	19.2374331375
petite_lisette_E4	1817	NR	1	1.33	NR192	NR	1	NR267	NR	1	R80	R	2	2	-0.172598293365978	0.188388625592417	9.31123269960269	15.6399139261243	1.1906202372436	65.8592746427643	0.2	123.486139955183	20.5810233258638	23	0.166666666666667	5	0	123.0420736251	21.9161728387	18.6743468887	23.0237073863	-63.2461228181
pink_roamer_A4	1890	NA	NA	NA	NA	NA	NA	NA	NA	NA	NA	NA	NA	NA	NA	NA	NA	NA	NA	NA	NA	NA	NA	NA	NA	NA	NA	-150.5398042635	161.0395322624	-151.9879520409	-32.5602445817	61.7083183642
pompon_blanc_parfait_G6	1876	NA	NA	2.33	RF5	RF	3	NR22	NR	1	RF14	RF	3	3	-0.678215471267892	0.970358431783943	7.46316621247296	15.6640812916649	2.97069958967332	18.025984176065	0.47962962962963	12.3166866968131	14.8185136821032	12	1.203125	1	1	28.6075610969	-34.1277931843	-65.7840581104	9.386775345	-76.4825170513
prince_frederic_D11	1840	NR	1	1	NA	NA	NA	NR223	NR	1	NR234	NR	1	2	-0.339278111884702	0.403933741582143	6.82651972072288	2.23480177709184	0.534819473061063	24.7482233778883	0	34.3611696486384	0	30	0	5	0	6.9228074304	86.892374344	11.6882761239	-6.2252687	20.414414492
provence_pink_C2	1450	NR	1	1	NR180	NR	1	NR256	NR	1	NR260	NR	1	1	0	0	7.96797627621432	29	1.70408410159588	10.765190826301	0	9.42477796076938	0	30	0	5	0	124.2099418503	23.7722488768	22.9837595731	7.1849818982	-56.6137589989
provins_renoncule_F8	1810	NR	1	1	NR53	NR	1	NR70	NR	1	NR67	NR	1	2	-0.582632354012472	0.790746109599938	9.63243270165853	2.09122973080675	0.695602637752882	13.4772465908438	0	3.71786112850863	0	30	0	8	0	151.1540785035	27.4084484172	6.6043234365	19.696309842	24.1797098214
pucelle_de_lille_H8	1828	NR	1	1	NR74	NR	1	NR96	NR	1	NR90	NR	1	1	0	0	9.17423363517459	29	0.752942921841231	4.66459185405835	0	6.38312569502722	0	30	0	8	0	146.8609420959	84.8430160348	79.046358838	8.3678041013	33.7305728563
quatre_saisons_blanc_mousseux_F3	1830	NR	1	1.33	NR206	NR	1	NR68	NR	1	R29	R	2	4	-0.508488564038394	0.662776115117145	7.39221597761677	13.254893831086	0.825812082446222	8.54984023205083	0.114285714285714	13.7900648904046	2.75801297808091	15	0.2	6	0	125.8494053045	-42.5374187625	-24.1280481855	12.6558242071	-113.7267674426
reine_des_centfeuilles_C3	1824	NR	1	1	NR124	NR	1	NR176	NR	1	NR173	NR	1	1	0	0	8.83458748898101	29	3.38603230041345	11.1802335960102	0.00157728706624606	11.7101024868164	0.0529868890806172	15	0.00452488687782805	4	0	115.2088047208	38.1855432467	37.047413469	15.4094369124	-72.9809440741
rene_andre_H11	1901	RF	3	2.66	RF10	RF	3	R17	R	2	RF27	RF	3	2	-0.40981909798648	0.506545223395743	8.94174471703774	7.2772800036463	3.04567405295125	8.17271762120133	0.216937354988399	5.81171030840984	1.34395800881978	15	0.23125	2	1	-156.426404817	34.9603743653	-34.0155901528	118.896293196	65.7814936429
robert_le_diable_F12	1837	NR	1	1	NR122	NR	1	NR172	NR	1	NR170	NR	1	2	-0.549478305516005	0.732349025153116	9.63948357649936	2.28125699025091	0.373410836491401	6.19940950308386	0	5.52920307031803	0	30	0	8	0	149.6965249119	77.2948088494	74.4192374496	8.0595127322	34.2384005744
robusta_bourbon_C11	1877	RF	3	2.66	RF41	RF	3	R72	R	2	RF88	RF	3	2	-0.333869021984352	0.396360239103287	4.98835650677774	8.66909951744364	2.01719476773501	12.3938587640579	0.2125	9.24621209382096	3.14764667023692	11	0.340425531914894	2	1	-207.3112928104	-100.0581676853	2.7582640834	-112.4195714529	-23.3480664993
roi_des_pourpres_E11	1819	NR	1	1	NA	NA	NA	NR95	NR	1	NR89	NR	1	1	0	0	9.39718948273298	29	0.92406579137067	8.29765218435701	0	10.4203073943088	0	30	0	7	0	139.3521547802	-68.0246628017	-74.2976729846	48.1405336428	-61.1668564162
rosa_albertii_G7	1877	R	2	2	R11	R	2	R11	R	2	R14	R	2	2	-0.335165464260822	0.398171713532737	5.09843442725188	5.45720596513376	1.64488238163255	8.83687264379822	0.213032581453634	7.00758372071897	1.85743182958816	9	0.265060240963855	2	0	201.4786608006	-175.3986063886	-148.4436032193	20.6739543692	19.3345112475
rosa_arvensis_D8	1750	NR	1	1	NR65	NR	1	NR87	NR	1	NR82	NR	1	2	-0.0450758108499207	0.0461071631758035	9.62788138026197	2.00064187676793	0.503550925987439	9.11840776810525	0	21.705549242984	0	30	0	8	0	49.6941996491	146.576662321	41.6412948235	51.1263879611	6.7998076165
rosa_californica_E8	1878	NR	1	1	NR25	NR	1	NR35	NR	1	NR33	NR	1	2	-0.0171972426881897	0.0173459665900523	5.52814175516785	6.60551637757038	1.83909479996035	18.5184194537335	0.0165929203539823	30.7251616358345	0.520765451454822	11	0.0169491525423729	1	0	-8.7897011423	-9.5223250828	-202.9980425929	-47.6733357727	34.6797103992
rosa_calocarpa_H10	1891	NR	1	1.33	NR100	NR	1	NR134	NR	1	R55	R	2	2	-0.196294182684838	0.216884839131886	8.55642617482164	5.21147841046989	0.79937177105499	1.65782659808692	0.178571428571429	2.16238251924381	0.432476503848762	13	0.2	7	0	203.6356184111	-195.4579017784	-166.9013680778	12.2993191759	21.0098684811
rosa_centiflora_rosae_G2	1863	R	2	2.33	R21	R	2	RF32	RF	3	R38	R	2	3	-0.670593606860701	0.955397713691472	7.24604922709054	14.1281550691232	2.2247765020274	22.0808773104904	0.2	3.82169030373872	1.27389676791291	16	0.333333333333333	4	0	43.2278853085	-25.5230770388	45.9700772483	-47.5827089096	-20.3989925615
rosa_chinensis_C8	1759	R	2	2.5	NA	NA	NA	R22	R	2	RF36	RF	3	2	-0.0872035772286416	0.091118784047994	9.62676243711935	11.8708062641175	5.67016872742129	80.9107749645985	0.0873932697137117	108.786473989276	8.41614555217894	17	0.0773638968481375	1	1	-169.2829020569	177.3671488995	-183.4088639549	-48.6108395445	56.1731787104
rosa_chinensis_mutabilis_G3	1894	NA	NA	NA	NA	NA	NA	NA	NA	NA	NA	NA	NA	NA	NA	NA	NA	NA	NA	NA	NA	NA	NA	NA	NA	NA	NA	-188.8557737966	-62.4952352267	39.0298123203	47.9154315862	-33.3232882438
rosa_corymbifera_G6	NA	NA	NA	NA	NA	NA	NA	NA	NA	NA	NA	NA	NA	NA	NA	NA	NA	NA	NA	NA	NA	NA	NA	NA	NA	NA	NA	112.6291102216	16.5609431874	-44.609887923	43.7014247413	8.8566921074
rosa_cuspidata_G5	1820	NR	1	1	NR200	NR	1	NR276	NR	1	NR285	NR	1	1	0	0	9.19680659393151	29	0.362963572209329	8.25431568903453	0	17.6148798724758	0	30	0	8	0	-123.7473416388	-74.7240452469	52.2481904023	-138.96828044	-11.040743462
rosa_damascena_bifera_yorklancaster_G8	NA	NR	1	1	NR276	NR	1	NA	NA	NA	NA	NA	NA	NA	NA	NA	NA	NA	NA	NA	NA	NA	NA	NA	NA	NA	NA	125.8931463717	-42.4817549702	-24.0774001328	12.8336197987	-114.3053187614
rosa_dupontii_A12	1817	NR	1	1	NR85	NR	1	NR109	NR	1	NR101	NR	1	2	-0.0287302433952047	0.0291469378431713	6.73716402978031	4.74751895956848	1.13039888170741	5.28430136849494	0.0256124721603563	9.84389854931058	0.301960078199711	11	0.0306748466257669	4	0	59.2944341142	58.6823288569	22.4707639976	59.7916080759	-140.5606507197
rosa_ferruginea_C11	1814	R	2	1.66	R34	R	2	NR143	NR	1	R59	R	2	4	-1.07262912981404	1.92305449599905	4.82675853785714	11.6767741756054	0.351405258945572	4.0811172995716	0.144	1.94520544185189	0.800966946644894	15	0.411764705882353	4	0	205.4350833577	-189.9615275951	-159.2681551312	14.3315827814	17.635126056
rosa_fortiniana_de_banks_F3	1840	NR	1	1	NA	NA	NA	NR192	NR	1	NR191	NR	1	2	-0.267951105804456	0.307283219890903	3.22149058614991	2.70271684055946	0.960572293641203	25.8387240642778	0	6.82532333773376	0	30	0	1	0	124.6542127231	-81.6993087374	-71.9917998515	49.7793180912	20.3502105815
rosa_gallica_C4	1500	NA	NA	NA	NA	NA	NA	NA	NA	NA	NA	NA	NA	NA	NA	NA	NA	NA	NA	NA	NA	NA	NA	NA	NA	NA	NA	181.686415257	-147.7562360514	-128.7473696959	34.1727568211	20.7691412869
rosa_holikensis_G10	1884	R	2	2	R31	R	2	R40	R	2	R54	R	2	2	-0.420015451128583	0.521985071824004	5.24574246464974	4.59027546169186	1.18240230154504	7.52060933948139	0.282894736842105	8.90053765865229	3.51881721388579	8	0.395348837209302	3	0	191.6259442932	-166.4232309954	-143.6985368478	25.947529386	18.9093007982
rosa_iwara_A10	1831	R	2	2	R30	R	2	R37	R	2	R51	R	2	2	-0.378176570644111	0.45962064628137	5.69162873390394	6.40435553389281	0.955009422884402	7.11369630626007	0.270294380017841	18.5234390370831	4.60911863364039	9	0.248826291079812	3	0	41.4514773379	-3.780686598	-199.3698890569	-7.6700162391	49.9327310587
rosa_majalis_H2	NA	NA	NA	NA	NA	NA	NA	NA	NA	NA	NA	NA	NA	NA	NA	NA	NA	NA	NA	NA	NA	NA	NA	NA	NA	NA	NA	208.3717203277	-198.2809420435	-166.7743144669	10.4406094496	16.7914418691
rosa_majalis_plena_H11	1583	NA	NA	NA	NA	NA	NA	NA	NA	NA	NA	NA	NA	NA	NA	NA	NA	NA	NA	NA	NA	NA	NA	NA	NA	NA	NA	207.6267605923	-204.1119262258	-171.4000830499	7.9709159195	18.3425938452
rosa_manetti_H4	1835	NR	1	1	NR98	NR	1	NR130	NR	1	NR125	NR	1	1	0	0	8.38012586196571	29	0.770284242528133	4.32437027282382	0	5.34186916054707	0	30	0	6	0	-84.6573884508	-32.4079895966	-41.7516920288	-28.2606116257	-81.5853847241
rosa_maximowicziana_B9	1880	NR	1	1	NR68	NR	1	NR90	NR	1	NR84	NR	1	1	0	0	9.34700789075275	29	0.683973272772114	18.3418011815139	0	23.2627722302128	0	30	0	7	0	-50.3950996539	137.2198969462	-85.7743548743	37.1641389784	18.6276442064
rosa_minutifolia_alba_H5	1882	NR	1	1	NA	NA	NA	NR175	NR	1	NR172	NR	1	3	-0.487267122422387	0.627861389583925	15.6105568822176	0.772775894031486	0.00493383590198548	0.471529229718249	0	0.471529229718249	0	30	0	16	0	188.9359120761	-169.3476233082	-145.158752562	23.6412114791	21.6115426132
rosa_multiflora_carnea_D5	1804	NR	1	1	NR194	NR	1	NR207	NR	1	NR209	NR	1	1	0	0	7.51539956990675	29	0.726820483482371	24.9057190592184	0	72.2063938181428	0	30	0	5	0	-109.8100245905	118.1614222979	-103.8419038711	10.8176059456	-78.1300006321
rosa_pendulina_oxyodon_H9	NA	NA	NA	NA	NA	NA	NA	NA	NA	NA	NA	NA	NA	NA	NA	NA	NA	NA	NA	NA	NA	NA	NA	NA	NA	NA	NA	184.1996113989	-161.6471663509	-139.555095926	27.8002473167	19.5902059247
rosa_pendulina_pyrenaica_H7	1815	NA	NA	1.33	R12	R	2	NR36	NR	1	NR34	NR	1	2	-0.0626665428445663	0.0646717576165777	4.77514608442761	6.77476146327438	0.73202864772045	7.31229922626554	0.0279329608938548	10.275041154149	0.25214824918157	10	0.0245398773006135	2	0	193.9239465513	-165.5120061508	-144.4224354968	28.2506305643	21.5603985874
rosa_pimpinellifolia_double_white_F6	1815	NR	1	1.33	NR49	NR	1	NR66	NR	1	R27	R	2	2	-0.0395746689800587	0.0403681792155939	6.12809584067487	4.56478207081169	0.329866286031377	43.2582582183751	0.0408163265306122	16.2601963515878	1.22718463030851	10	0.0754716981132075	3	0	177.4723455215	-141.5075838366	-123.8902058659	39.1486937062	22.5364159382
rosa_polliniana_A11	1800	NR	1	1.33	NR67	NR	1	NR89	NR	1	R35	R	2	2	-0.445626426255098	0.561468034101966	7.25006387015309	3.81144017884164	0.55435206970822	5.7038528064464	0.25	8.16433833079583	2.9078465287766	11	0.356164383561644	6	0	121.746575194	91.3752908068	43.8367943387	34.1438416511	20.6020701994
rosa_rapini_E5	1859	NR	1	1	NA	NA	NA	NR146	NR	1	NR138	NR	1	2	-0.24757203191877	0.280911625582899	5.05418978251311	1.04938142156892	0.0581546326598542	1.1362820651	0	2.45436926061703	0	30	0	5	0	166.2041934963	-125.4018374418	-115.9838124439	43.7085549554	24.1293437403
rosa_rubiginosa_gold_bush_H10	1954	NA	NA	NA	NA	NA	NA	NA	NA	NA	NA	NA	NA	NA	NA	NA	NA	NA	NA	NA	NA	NA	NA	NA	NA	NA	NA	-93.6001186747	-24.4244102167	-48.5142160712	6.0724966808	-6.5779825759
rosa_rubus_B8	1888	NR	1	1	NA	NA	NA	NR80	NR	1	NR78	NR	1	2	-0.0889168291623089	0.0929897476730064	7.05699102974836	2.60567740476356	0.853381267796331	12.097746822921	0	22.8032926225694	0	30	0	5	0	-52.7659277454	107.3601085881	-66.4998773289	55.5855689591	-22.6382411445
rosa_spectabilis_H12	1833	NR	1	1	NR193	NR	1	NR269	NR	1	NR279	NR	1	2	-0.0130984240459181	0.013184584178499	9.2174655227725	18.6534983176147	0.200257334749184	7.18611112140441	0.0253164556962025	15.6321248420161	0.466630592298988	28	0.0298507462686567	6	0	-97.0899048326	100.9511122703	-18.7214734534	10.4573972137	-83.2934561316
rosa_subgallicodes_E3	1900	NR	1	1	NR130	NR	1	NR186	NR	1	NR184	NR	1	2	-0.0118890854606289	0.0119600415593921	9.91217147608972	7.47056772441372	0.97801376133087	8.43934926375859	0.00443816824692354	21.5472747159794	0.0957656654043528	28	0.00444444444444444	8	0	40.3823911933	138.7470481522	27.8507750292	54.4732053704	3.0434404694
rosa_villosa_recondita_C5	1771	NR	1	1	NR118	NR	1	NR164	NR	1	NR159	NR	1	1	0	0	8.38472018317583	29	1.63000907872909	21.9887228494282	0	25.564396625855	0	30	0	5	0	69.885345576	100.801509627	-2.522139081	-1.1589899214	36.0798355318
rosa_wichurana_C9	1891	NR	1	1	NR69	NR	1	NR91	NR	1	NR85	NR	1	1	0	0	13.1978475871704	29	3.5055600597213	12.9350585096029	0.00595238095238095	16.8465582385547	0.232366320531789	20	0.0137931034482759	8	0	-93.8449159007	168.3867205595	-140.6023611567	18.9535027499	52.674015667
rose_edouard_D7	1820	R	2	2.33	RF42	RF	3	R77	R	2	R93	R	2	2	-0.338616153626294	0.403004703573761	6.46257587500223	8.27720533482197	2.62817137422114	59.1305445494392	0.253246753246753	15.4253594476798	4.62760783430394	11	0.3	2	0	-84.8397212275	-92.3472647198	2.3129099321	-67.0444472266	-25.746890384
ruby_queen_H3	1901	NA	NA	NA	NA	NA	NA	NA	NA	NA	NA	NA	NA	NA	NA	NA	NA	NA	NA	NA	NA	NA	NA	NA	NA	NA	NA	-49.6270115098	-65.82489039	48.9192334035	-115.148072633	-6.2946387401
safrano_H7	1839	R	2	2.33	R3	R	2	R3	R	2	RF9	RF	3	3	-0.486372921231809	0.626406404612859	7.52690784827315	14.4581221114001	0.0811533002367769	1.86947400244684	0.692307692307692	2.80421100367026	11.216844014681	10	4	7	0	-93.4354977192	-124.0744245739	71.8056162347	-78.5377119346	-5.4570953547
salet_C10	1854	RF	3	3	RF9	RF	3	RF22	RF	3	RF25	RF	3	2	-0.405851609160848	0.500579863630758	7.12601555181866	6.79164028234321	1.77036148164786	13.2507847974067	0.217391304347826	10.7025569517516	1.18917299463906	12	0.111111111111111	1	1	-6.2494895512	-42.2032317873	38.9021482511	-68.8858341865	-6.6890530179
sidonie_F6	1845	RF	3	2.66	RF44	RF	3	R2	R	2	RF6	RF	3	3	-0.522409085399242	0.686084682858424	7.27757736713395	14.8260376933675	1.06679925036897	15.6269662536451	0.416230366492147	11.3523252604956	11.772781751625	12	1.03703703703704	1	1	26.4341452342	48.9997599789	17.6427517098	-3.0027479528	-69.1290341357
sir_joseph_paxton_C1	1851	RF	3	3	RF37	RF	3	RF62	RF	3	RF85	RF	3	4	-0.723872163890231	1.06240373436517	6.46675681833403	18.2599092876421	1.2853465722855	18.6761794360074	0.075	8.47999498716013	0.908570891481443	22	0.107142857142857	2	1	-176.8225813803	-111.7619230087	0.0165553471	-120.8191662672	-6.1795117386
south_orange_perfection_H2	1898	NA	NA	NA	NA	NA	NA	NA	NA	NA	NA	NA	NA	NA	NA	NA	NA	NA	NA	NA	NA	NA	NA	NA	NA	NA	NA	-156.114443932	167.6036713493	-159.7485975636	-23.7362532301	45.216318124
souvenir_de_brod_B12	1886	NR	1	1	NR144	NR	1	NR210	NR	1	NR213	NR	1	2	-0.269691663601708	0.309560603276252	6.58557343402357	2.61671154315941	1.10320732874856	7.43717303529321	0	13.0763481939221	0	30	0	4	0	-14.119037771	5.3478016468	10.6059626225	-36.4751121707	-35.7685902174
souvenir_de_la_reine_dangleterre_E7	1855	NA	NA	NA	NA	NA	NA	NA	NA	NA	NA	NA	NA	NA	NA	NA	NA	NA	NA	NA	NA	NA	NA	NA	NA	NA	NA	-82.2700444467	-44.2437166762	43.8639661162	-96.7708456466	13.6291098929
souvenir_de_lucie_A3	1893	NR	1	1	NR177	NR	1	NR181	NR	1	NR178	NR	1	1	0	0	6.77861221701341	29	1.60416458877893	15.259692438027	0	17.5248030342966	0	30	0	4	0	-14.7183159221	-31.6913985784	53.1533413917	-59.1737015843	-14.5706406888
souvenir_de_philemon_cochet_F9	1899	RF	3	3	RF17	RF	3	RF38	RF	3	RF51	RF	3	4	-0.900252566166133	1.46022440214018	5.8963965067809	16.0033453600657	0.156776090764332	7.89360106414157	0.370892018779343	4.59478270897793	2.6508361782565	12	0.576923076923077	3	0	206.4884895318	-201.8493503816	-170.4534380377	13.2242943803	22.3415184747
stanwell_perpetual_D11	1835	RF	3	3	RF15	RF	3	RF31	RF	3	RF39	RF	3	3	-0.805794229529813	1.23847365487007	5.38469852159764	13.0030674062757	0.471852208493113	23.3749453392098	0.555837563451776	16.729782307063	17.9319223530795	10	1.07185628742515	2	1	-10.3501050558	19.514375204	23.1443543924	-55.0526764267	-8.6185887348
the_garland_D6	1835	NR	1	1	NR47	NR	1	NR64	NR	1	NR65	NR	1	1	0	0	8.87201891471562	29	0.961464200233713	28.7117435590425	0	86.700846638422	0	30	0	6	0	-112.3304807101	74.1868327613	-65.4429856564	51.0537683574	-239.8983339401
tom_wood_D1	1896	R	2	2.5	NA	NA	NA	R86	R	2	RF99	RF	3	3	-0.916290548811209	1.49999954234268	7.00285046718574	9.4924024563548	0.0811255357944339	2.69592949469246	0.8	2.69592949469246	2.69592949469246	10	1	7	0	-112.5197299033	-71.0870580214	49.7490290463	-146.2920632402	-14.2560895377
toussaint_l_ouverture_H2	1849	NR	1	1	NR186	NR	1	NR261	NR	1	NR266	NR	1	1	0	0	8.69171356616007	29	0.730034003764643	9.002497669164	0	16.9761384618521	0	30	0	7	0	148.292102712	74.1000738284	70.597678316	5.2531793006	19.3697895966
triomphe_de_l_exposition_A8	1855	R	2	2.33	R9	R	2	RF14	RF	3	R12	R	2	2	-0.236806941700552	0.267196451366636	6.4231109949157	5.2543315727536	1.23431988800507	12.0055932274758	0.0828402366863905	10.9212170649941	0.813282121861263	13	0.074468085106383	3	0	-20.2836107272	-31.5946570068	59.4106485951	-72.7879647902	-16.5443110044
tuscany_superb_C10	1837	NR	1	1	NA	NA	NA	NR113	NR	1	NR104	NR	1	2	-0.392031672296494	0.479984585170573	7.93991351297302	2.39004282277029	0.458627745924234	5.63955962308154	0	7.25086237253342	0	30	0	7	0	151.6113985255	69.1130606972	69.5566233171	6.4080498061	33.4173703355
una_G12	1898	NR	1	1.33	NR174	NR	1	NR249	NR	1	R99	R	2	2	-0.0393526375159152	0.0401372103876368	6.33586555228218	9.80999629340259	0.491678884892523	6.8136685169784	0.036231884057971	10.6047322031168	0.461075313178989	13	0.0434782608695652	5	0	-77.2138112106	6.1434324852	61.4446387668	83.9704827822	15.2268996429
victor_verdier_H6	1859	NA	NA	NA	NA	NA	NA	NA	NA	NA	NA	NA	NA	NA	NA	NA	NA	NA	NA	NA	NA	NA	NA	NA	NA	NA	NA	-24.9365438142	-51.6409797797	96.8830290944	-89.2051126847	54.6359053246
virago_C8	1887	NR	1	1	NR22	NR	1	NR31	NR	1	NR29	NR	1	2	-0.417955966313787	0.518853792198427	6.40864972519869	2.69037219479773	1.29464240734943	8.62075942202435	0	6.64445884306225	0	30	0	4	0	65.8106716602	-28.6312690345	48.3102900334	-46.412628516	-6.5423139361
vivid_B5	1853	NR	1	1	NR138	NR	1	NR200	NR	1	NR201	NR	1	1	0	0	7.16573853037669	29	1.82205211552369	4.69817083181472	0	3.55012156840135	0	30	0	5	0	-17.4446734417	-11.6673443078	32.4219817799	-63.2002333058	-24.7285016889
william_lobb_D10	1855	NR	1	1	NA	NA	NA	NR112	NR	1	NR103	NR	1	1	0	0	7.72733936837124	29	1.09539852443499	7.90404591830993	0	8.07776121321784	0	30	0	6	0	-14.1805005375	33.5055144136	-15.5186253244	-65.0673553622	-32.2913072522
wodan_F5	1890	R	2	1.66	R49	R	2	R64	R	2	NR214	NR	1	2	-0.110122004892622	0.116414270153339	7.00102916518036	3.43041604733487	1.04100973390823	5.50777830757425	0	4.90536505518331	0	30	0	5	0	-78.0593905823	-8.9662284656	-40.6708044264	-69.828086844	4.0069620036
