INDEX	ID	Name_corCOP	date_corCOP	periode_corCOP	periode_corCOP_2decades	classification_corCOP	mean_petals_binary_less10	mean_petals_binary_more25	mean_petals	CoderemonteeHarmonise3years	codenumremonteeHarmonise3years	codenumremonteeAvg3years	IDJeremyYear1	coderemonteeYear1	codenumremonteeYear1	IDJeremyYear2	coderemonteeYear2	codenumremonteeYear2	IDJeremyYear3	coderemonteeYear3	codenumremonteeYear3	2phenylethanol	geraniol	35dimethoxytoluene	EEfarnesol	2phenylethanol_binary10	geraniol_binary10	35dimethoxytoluene_binary0p1	2phenylethanol_binary100	geraniol_binary50	35dimethoxytoluene_binary0p1	TN2014	TN2015	TN2016	PCo1	PCo2	PCo3	PCo4	PCo5	Name2	Nb_acicules_branch_binaryTatiana	Nb_prickles_branch_binaryTatiana	uper_leaf_shine_binaryTatiana	Plant_Type_BuissonnantOuAutre	Plant_Type_ArbustifOuAutre	Shape2014_CylindriqueOuNon	Shape2014_ConiqueOuNon	Shape2014_SpheriqueOuNon	shape_corolla_FlatOrNot	shape_corolla_EnCoupeOuPas	shape_corolla_GlobuleuseOuPas	shape_corolla_AquartiersOuPas	shape_corolla_ImbriqueeOuPas	color_distribution_UnicolorOrNot	main_petal_color_redpinkpurple_vs_other	main_petal_color_white_vs_other	main_petal_color_rose_vs_other	main_petal_color_purple_vs_other	Shape_2012	Shape_2013	Shape_2014	Shape_across_year	Plant_Type	Nb_acicules_branch	Nb_prickles_branch	uper_leaf_shine	shape_corolla	size_corolla	nb_flowers_per_inflorescence	color_distribution	unicolor_yesorno	main_petal_color	PCo1_2	PCo2_2	PCo3_2	PCo4_2	PCo5_2
3	adelaide_d_orleans_E10	adelaide_d_orleans	1826	[1820-1829]	[<1800-1829]	Hsem	0	0	22.2	NR	1	1.33	NR42	NR	1	NR59	NR	1	R22	R	2	262.877	0	0.313333	0	1	0	1	1	0	0	4	4	3	-142.1343959	23.75529218	44.71305325	-4.371390824	22.8471221	adelaide_d_orleans_E10	0	0	1	1	0	0	0	1	0	0	0	0	0	1	0	1	0	0	3	3	3	3	5	3	3	4	1	5	7	unicolor	1	white	-142.1343959	23.75529218	44.71305325	-4.371390824	22.8471221
12	bacchante_A5	bacchante	1805	[1800-1809]	[<1800-1829]	Hgal	NA	NA	NA	NR	1	1	NR114	NR	1	NR158	NR	1	NR151	NR	1	352.59	116.76	0	16.64	1	1	0	1	1	1	1	0	0	148.6877989	78.89562695	74.49304515	9.388725016	34.83346225	bacchante_A5	1	0	0	1	0	1	0	0	0	0	0	1	0	1	1	0	1	0	2	2	1	NA	5	7	1	2	9	NA	3	unicolor	1	pink	148.6877989	78.89562695	74.49304515	9.388725016	34.83346225
14	beau_narcisse_H5	beau_narcisse	1824	[1820-1829]	[<1800-1829]	Hgal	0	1	66.6	NR	1	1.33	NR1	NR	1	NR1	NR	1	R1	R	2	263.763	97.3033	0	4.08	1	1	0	1	1	1	1	0	2	6.382910614	32.53792242	48.93836846	7.853137845	32.04381611	beau_narcisse_H5	1	0	0	1	0	1	0	0	0	0	0	1	0	1	1	0	0	1	NA	3	1	NA	5	5	3	2	9	5	3	unicolor	1	purple	6.382910614	32.53792242	48.93836846	7.853137845	32.04381611
16	belle_helene_A7	belle_helene	1815	[1810-1819]	[<1800-1829]	Hgal	NA	NA	NA	NR	1	1	NR10	NR	1	NR14	NR	1	NR7	NR	1	422.317	51.19	0	9.22667	1	1	0	1	1	1	1	0	0	148.3839434	77.26115888	73.29728665	8.605538297	33.03700986	belle_helene_A7	1	0	0	1	0	1	0	0	0	0	0	1	0	1	1	0	1	0	1	1	1	1	5	5	3	2	9	5	3	unicolor	1	pink	148.3839434	77.26115888	73.29728665	8.605538297	33.03700986
17	belle_herminie_B10	belle_herminie	1819	[1810-1819]	[<1800-1829]	Hgal	0	1	76.66666667	NR	1	1	NR40	NR	1	NR56	NR	1	NR58	NR	1	250.653	49.7933	0	3.71667	1	1	0	1	0	1	0	0	0	144.9301677	85.69525226	77.60357615	9.551957709	31.98649107	belle_herminie_B10	1	1	0	1	0	0	0	1	0	0	0	1	0	1	1	0	1	0	3	1	3	NA	5	7	5	2	9	5	3	unicolor	1	pink	144.9301677	85.69525226	77.60357615	9.551957709	31.98649107
19	belvedere_G8	belvedere	1829	[1820-1829]	[<1800-1829]	Hsem	0	1	43.8	NR	1	1	NR28	NR	1	NR40	NR	1	NR39	NR	1	454.647	0.38	0	0	1	0	0	1	0	0	0	0	0	-76.35198747	130.8225437	-102.8359617	56.56362305	-57.17162918	belvedere_G8	0	0	1	1	0	0	0	1	0	0	1	0	0	1	1	0	1	0	3	3	3	3	5	3	1	4	7	1	7	unicolor	1	pink	-76.35198747	130.8225437	-102.8359617	56.56362305	-57.17162918
21	blanc_pur_G4	blanc_pur	1827	[1820-1829]	[<1800-1829]	N	0	1	40.75	NR	1	1	NR142	NR	1	NR205	NR	1	NR207	NR	1	255.43	24.174	8.04	0	1	1	1	1	0	0	3	1	1	-89.05312138	-106.0798522	72.57396957	68.46031165	-38.68751025	blanc_pur_G4	0	0	1	0	1	1	0	0	1	1	0	0	0	1	0	1	0	0	2	2	1	NA	7	3	3	3	3	5	3	unicolor	1	white	-89.05312138	-106.0798522	72.57396957	68.46031165	-38.68751025
26	bouquet_de_venus_D6	bouquet_de_venus	1814	[1810-1819]	[<1800-1829]	Hgal	0	0	15	NR	1	1	NR3	NR	1	NR4	NR	1	NR2	NR	1	375.347	61.8167	0	6.78	1	1	0	1	1	1	0	1	0	143.2546063	87.19330098	76.5833296	9.975063417	31.16188248	bouquet_de_venus_D6	0	1	0	1	0	1	0	0	1	1	0	0	0	1	1	0	1	0	1	2	1	NA	5	3	5	2	3	5	3	unicolor	1	pink	143.2546063	87.19330098	76.5833296	9.975063417	31.16188248
34	chloris_F10	cloris	1814	[1810-1819]	[<1800-1829]	A	0	1	76.2	NR	1	1	NR57	NR	1	NR75	NR	1	NR72	NR	1	81.618	39.374	0	0.12	1	1	0	0	0	1	0	0	0	145.5297694	6.97243187	-14.85161133	20.90616829	19.02514	chloris_F10	0	0	0	1	0	0	0	1	0	0	0	0	1	1	1	0	1	0	3	3	3	3	5	3	1	2	11	3	3	unicolor	1	pink	145.5297694	6.97243187	-14.85161133	20.90616829	19.02514
36	clementine_B4	clementine	1818	[1810-1819]	[<1800-1829]	Hgal	0	1	44.2	NR	1	1	NR184	NR	1	NR258	NR	1	NR263	NR	1	NA	NA	NA	NA	NA	NA	NA	NA	NA	NA	0	0	0	136.9256352	16.62144359	19.79899591	17.60946417	-40.87281866	clementine_B4	1	0	0	0	1	0	1	0	0	0	0	0	0	1	1	0	1	0	2	2	2	2	7	5	3	2	5	5	3	unicolor	1	pink	136.9256352	16.62144359	19.79899591	17.60946417	-40.87281866
52	duchesse_de_montebello_H7	duchesse_de_montebello	1824	[1820-1829]	[<1800-1829]	NA	0	1	110.6	NR	1	1	NR84	NR	1	NR108	NR	1	NR100	NR	1	643.393	63.18	0	4.7	1	1	0	1	1	1	1	1	0	144.341745	81.36257682	74.20063879	9.407595331	32.30102745	duchesse_de_montebello_H7	0	0	0	1	0	0	0	1	0	0	0	0	1	1	0	1	0	0	NA	3	3	3	5	3	1	2	11	5	3	unicolor	1	white	144.341745	81.36257682	74.20063879	9.407595331	32.30102745
53	duchesse_de_portland_C2	duchesse_de_portland	1799	<1800	[<1800-1829]	P	NA	NA	NA	NR	1	1	NR43	NR	1	NR60	NR	1	NR61	NR	1	398.67	174.663	0	0.653333	1	1	0	1	1	1	0	0	0	144.4936583	18.7784379	29.21692171	-1.874099926	-33.08820074	duchesse_de_portland_C2	1	0	0	1	0	1	0	0	0	0	0	0	0	1	1	0	0	1	1	2	1	NA	5	5	3	2	1	5	3	unicolor	1	purple	144.4936583	18.7784379	29.21692171	-1.874099926	-33.08820074
55	duchesse_du_berry_C1	duchesse_du_berry	1818	[1810-1819]	[<1800-1829]	NA	0	1	88	NR	1	1	NR153	NR	1	NR220	NR	1	NR228	NR	1	317.827	114.823	0	0.735714	1	1	0	1	1	1	0	0	0	149.7515664	76.63357166	74.00350729	7.967917765	32.87946085	duchesse_du_berry_C1	1	1	0	1	0	1	0	0	0	0	0	0	1	1	1	0	1	0	2	1	1	NA	5	7	5	2	11	3	3	unicolor	1	pink	149.7515664	76.63357166	74.00350729	7.967917765	32.87946085
65	fulgens_gallique_D1	fulgens_gallique	1828	[1820-1829]	[<1800-1829]	NA	0	1	62	NR	1	1	NA	NA	NA	NR215	NR	1	NR221	NR	1	538.04	133.32	0	0	1	1	0	1	1	0	4	3	2	-42.7414312	-6.959081845	51.25841157	30.43627268	5.251381528	fulgens_gallique_D1	1	0	1	1	0	0	0	1	0	0	1	0	0	1	1	0	1	0	2	3	3	NA	5	5	3	3	7	5	3	unicolor	1	pink	-42.7414312	-6.959081845	51.25841157	30.43627268	5.251381528
74	gloire_des_rosomanes_D1	gloire_des_rosomanes	1825	[1820-1829]	[<1800-1829]	Ch	NA	NA	NA	RF	3	3	RF16	RF	3	RF34	RF	3	RF44	RF	3	NA	NA	NA	NA	NA	NA	NA	NA	NA	NA	2	1	1	-88.98761968	-52.30979791	-22.5417223	40.06564632	-63.36592416	gloire_des_rosomanes_D1	0	0	1	0	1	0	1	0	1	1	0	0	0	1	1	0	1	0	1	1	2	NA	7	3	1	3	3	3	1	unicolor	1	pink	-88.98761968	-52.30979791	-22.5417223	40.06564632	-63.36592416
81	imperatrice_josephine_E9	imperatrice_josephine	1815	[1810-1819]	[<1800-1829]	Hgal	0	1	47.33333333	NR	1	1	NR88	NR	1	NR118	NR	1	NR112	NR	1	325.58	6.18	0	0	1	0	0	1	0	0	3	0	1	155.8534354	19.58178278	11.90590703	12.49233483	18.3858585	imperatrice_josephine_E9	0	0	0	1	0	0	1	0	1	1	0	0	0	1	1	0	1	0	1	2	2	NA	5	3	3	2	3	5	3	unicolor	1	pink	155.8534354	19.58178278	11.90590703	12.49233483	18.3858585
108	minette_D8	minette	1819	[1810-1819]	[<1800-1829]	C	0	1	55.6	NR	1	1	NR21	NR	1	NR30	NR	1	NR28	NR	1	368.983	78.3367	0	4.93333	1	1	0	1	1	1	0	0	0	156.7693284	-96.34996829	-83.94353609	22.09986752	-69.45953072	minette_D8	0	0	1	1	0	0	1	0	0	0	0	0	1	1	1	0	1	0	2	2	2	2	5	3	3	3	11	5	3	unicolor	1	pink	156.7693284	-96.34996829	-83.94353609	22.09986752	-69.45953072
135	petite_ecossaise_F5	petite_ecossaise	1826	[1820-1829]	[<1800-1829]	Hspn	1	0	5	NR	1	1.33	NR107	NR	1	R43	R	2	NR140	NR	1	240.51	22.6	0	31	1	1	0	1	0	1	1	0	0	193.6994482	-169.4549715	-145.0804329	26.57770853	19.23743314	petite_ecossaise_F5	1	0	0	0	1	0	1	0	0	0	0	0	0	1	1	0	1	0	1	3	2	NA	7	5	3	2	1	1	1	unicolor	1	pink	193.6994482	-169.4549715	-145.0804329	26.57770853	19.23743314
136	petite_lisette_E4	petite_lisette	1817	[1810-1819]	[<1800-1829]	A	1	0	5	NR	1	1.33	NR192	NR	1	NR267	NR	1	R80	R	2	NA	NA	NA	NA	NA	NA	NA	NA	NA	NA	4	3	2	123.0420736	21.91617284	18.67434689	23.02370739	-63.24612282	petite_lisette_E4	1	1	0	1	0	0	1	0	0	0	0	1	0	1	1	0	1	0	2	2	2	2	5	5	5	2	9	3	3	unicolor	1	pink	123.0420736	21.91617284	18.67434689	23.02370739	-63.24612282
140	provence_pink_C2	provence_pink	unknown	<1800	[<1800-1829]	C	0	1	78.8	NR	1	1	NR180	NR	1	NR256	NR	1	NR260	NR	1	596.347	25.36	0	1.80667	1	1	0	1	0	1	4	3	2	124.2099419	23.77224888	22.98375957	7.184981898	-56.613759	provence_pink_C2	0	0	0	1	0	0	0	1	NA	NA	NA	NA	NA	1	1	0	1	0	2	2	3	NA	5	3	3	2	NA	5	3	unicolor	1	pink	124.2099419	23.77224888	22.98375957	7.184981898	-56.613759
141	provins_renoncule_F8	provins_renoncule	1810	[1800-1810]	[<1800-1829]	Hgal	0	1	45	NR	1	1	NR53	NR	1	NR70	NR	1	NR67	NR	1	336.73	39.69	0	0	1	1	0	1	0	0	0	1	2	151.1540785	27.40844842	6.604323437	19.69630984	24.17970982	provins_renoncule_F8	1	0	0	1	0	0	0	1	0	0	0	0	1	1	1	0	1	0	1	1	3	NA	5	5	3	2	11	3	NA	unicolor	1	pink	151.1540785	27.40844842	6.604323437	19.69630984	24.17970982
142	pucelle_de_lille_H8	pucelle_de_lille	1828	[1820-1829]	[<1800-1829]	Hgal	0	1	68	NR	1	1	NR74	NR	1	NR96	NR	1	NR90	NR	1	527.907	208.057	0	3.65	1	1	0	1	1	1	0	1	1	146.8609421	84.84301603	79.04635884	8.367804101	33.73057286	pucelle_de_lille_H8	1	1	0	1	0	1	0	0	0	0	0	0	1	1	1	0	1	0	1	1	1	1	5	7	5	2	11	5	3	unicolor	1	pink	146.8609421	84.84301603	79.04635884	8.367804101	33.73057286
144	reine_des_centfeuilles_C3	reine_des_centfeuilles	1824	[1820-1829]	[<1800-1829]	C	0	1	138	NR	1	1	NR124	NR	1	NR176	NR	1	NR173	NR	1	556.768	64.226	0	0.708	1	1	0	1	1	1	0	0	0	115.2088047	38.18554325	37.04741347	15.40943691	-72.98094407	reine_des_centfeuilles_C3	1	0	0	1	0	0	0	1	0	0	0	0	1	1	1	0	1	0	2	2	3	NA	5	7	3	2	11	5	3	unicolor	1	pink	115.2088047	38.18554325	37.04741347	15.40943691	-72.98094407
148	roi_des_pourpres_E11	roi_des_pourpres	1819	[1810-1819]	[<1800-1829]	Hgal	0	1	57.4	NR	1	1	NA	NA	NA	NR95	NR	1	NR89	NR	1	235.16	314.99	0	6.1	1	1	0	1	1	1	1	0	0	139.3521548	-68.0246628	-74.29767298	48.14053364	-61.16685642	roi_des_pourpres_E11	0	0	0	1	0	0	1	0	0	0	0	0	1	1	1	0	1	0	3	1	2	NA	5	3	3	2	11	5	3	unicolor	1	pink	139.3521548	-68.0246628	-74.29767298	48.14053364	-61.16685642
173	rosa_pimpinellifolia_double_white_F6	rosa_pimpinellifolia_double_white	1815	[1810-1819]	[<1800-1829]	Hspn	0	0	20.4	NR	1	1.33	NR49	NR	1	NR66	NR	1	R27	R	2	1.03	50.5167	0	3.90667	0	1	0	0	1	1	0	0	2	177.4723455	-141.5075838	-123.8902059	39.14869371	22.53641594	rosa_pimpinellifolia_double_white_F6	1	1	0	0	1	0	0	1	1	1	0	0	0	1	0	1	0	0	3	1	3	NA	7	5	5	1	3	1	1	unicolor	1	white	177.4723455	-141.5075838	-123.8902059	39.14869371	22.53641594
1	adam_F4	adam	1838	[1830-1839]	[1830-1849]	T	0	1	51	R	2	2	R64	R	2	R91	R	2	R112	R	2	0.212	0	6.406	0	0	0	1	0	0	0	1	NA	0	-202.6184497	-83.68701119	61.10386399	145.1305199	27.76088089	adam_F4	0	0	1	0	1	0	0	1	1	1	0	0	0	1	1	0	1	0	2	3	3	NA	7	3	1	4	3	3	3	unicolor	1	pink	-202.6184497	-83.68701119	61.10386399	145.1305199	27.76088089
10	antonia_d_ormois_C12	antonia_d_ormois	1835	[1830-1839]	[1830-1849]	Hgal	0	1	94.8	NA	NA	1.66	RF45	RF	3	NR230	NR	1	NR240	NR	1	412.82	38.61	0	6.00667	1	1	0	1	0	1	2	3	3	137.7437471	67.86946585	59.68022313	13.24699089	9.406964274	antonia_d_ormois_C12	1	1	0	1	0	0	0	1	0	0	0	0	1	1	1	0	1	0	2	3	3	NA	5	5	5	2	11	3	3	unicolor	1	pink	137.7437471	67.86946585	59.68022313	13.24699089	9.406964274
11	ayrshire_queen_G1	ayrshire_queen	1835	[1830-1839]	[1830-1849]	Ayr	0	1	36.6	NR	1	1.33	NR176	NR	1	NR252	NR	1	R101	R	2	3.95	0	0	0	0	0	0	0	0	0	4	1	1	-138.9991345	-24.51825903	103.7225535	25.59293428	50.95134169	ayrshire_queen_G1	0	0	1	0	0	0	0	1	1	1	0	0	0	1	1	0	1	0	3	3	3	3	9	3	3	3	3	5	3	unicolor	1	pink	-138.9991345	-24.51825903	103.7225535	25.59293428	50.95134169
15	belle_de_baltimore_G5	belle_de_baltimore	1843	[1840-1849]	[1830-1849]	Hset	0	1	68	NR	1	1	NR108	NR	1	NR149	NR	1	NR142	NR	1	204.82	0.366667	0	0	1	0	0	1	0	0	1	4	1	-46.37096406	97.72673904	-1.605629001	59.44729833	-148.4746297	belle_de_baltimore_G5	0	0	1	0	0	0	1	0	0	0	0	0	1	1	0	1	0	0	1	2	2	NA	9	3	3	3	11	3	5	unicolor	1	white	-46.37096406	97.72673904	-1.605629001	59.44729833	-148.4746297
18	belle_isis_F7	belle_isis	1845	[1840-1849]	[1830-1849]	Hgal	0	1	92.6	NR	1	1	NR58	NR	1	NR76	NR	1	NR73	NR	1	649.893	46.0767	0	1.75	1	1	0	1	0	1	0	0	0	139.8289367	91.20402738	76.06829827	12.34868701	29.30433336	belle_isis_F7	1	1	0	1	0	0	0	1	0	0	0	0	1	1	1	0	1	0	1	3	3	NA	5	5	5	2	11	5	3	unicolor	1	pink	139.8289367	91.20402738	76.06829827	12.34868701	29.30433336
20	bijou_des_amateurs_A8	bijou_des_amateurs	1837	[1830-1839]	[1830-1849]	Hgal	0	1	92	NR	1	1	NR8	NR	1	NR11	NR	1	NR5	NR	1	491.92	116.73	0	3.86	1	1	0	1	1	1	4	0	0	147.3416965	84.02596197	78.47719166	7.591117314	33.41085384	bijou_des_amateurs_A8	1	1	0	1	0	1	0	0	0	0	0	0	1	1	1	0	1	0	1	1	1	1	5	5	5	2	11	5	3	unicolor	1	pink	147.3416965	84.02596197	78.47719166	7.591117314	33.41085384
38	comtesse_de_murinais_E10	comtesse_de_murinais	1843	[1840-1849]	[1830-1849]	M	0	1	66.2	NR	1	1	NA	NA	NA	NR111	NR	1	NR102	NR	1	1194.35	156.34	0	13.45	1	1	0	1	1	1	1	0	1	145.3383323	-15.74866689	-1.354935069	5.325632569	-46.95938899	comtesse_de_murinais_E10	1	1	0	1	0	0	1	0	0	0	0	0	1	1	1	0	1	0	NA	2	2	2	5	7	7	2	11	3	3	unicolor	1	pink	145.3383323	-15.74866689	-1.354935069	5.325632569	-46.95938899
49	dona_sol_A1	dona_sol	1842	[1840-1849]	[1830-1849]	Hgal	0	1	54.2	NR	1	1	NR169	NR	1	NR241	NR	1	NR251	NR	1	307.447	144.64	0	0.52	1	1	0	1	1	1	0	1	0	143.2999309	82.06290795	75.49885638	11.17663168	19.70693792	dona_sol_A1	1	0	0	1	0	0	1	0	1	1	0	0	0	1	1	0	1	0	2	2	2	2	5	7	3	2	3	3	3	unicolor	1	pink	143.2999309	82.06290795	75.49885638	11.17663168	19.70693792
82	indigo_D3	indigo	1845	[1840-1849]	[1830-1849]	P	0	1	81.8	R	2	2.33	RF49	RF	3	R85	R	2	R105	R	2	322.426	18.14	0	1.4	1	1	0	1	0	1	0	0	0	147.2169453	60.88683468	60.759448	7.046806254	9.912991317	indigo_D3	1	0	0	1	0	0	0	1	0	0	0	0	1	1	1	0	0	1	2	2	3	NA	5	7	3	2	11	3	3	unicolor	1	purple	147.2169453	60.88683468	60.759448	7.046806254	9.912991317
87	jenny_duval_G8	jenny_duval	1842	[1840-1849]	[1830-1849]	Hgal	0	1	50	NR	1	1	NR76	NR	1	NR98	NR	1	NR92	NR	1	183.623	71.1633	0	11.39	1	1	0	1	1	1	2	0	0	148.060744	76.93918669	72.49646034	8.893243978	33.74701538	jenny_duval_G8	0	1	0	1	0	0	0	1	0	0	0	0	1	1	1	0	1	0	3	1	3	NA	5	3	5	2	11	5	3	unicolor	1	pink	148.060744	76.93918669	72.49646034	8.893243978	33.74701538
119	mme_hardy_B11	mme_hardy	1832	[1830-1839]	[1830-1849]	D	0	1	97	NR	1	1	NR46	NR	1	NR63	NR	1	NR64	NR	1	564.877	21.9133	0	1.34667	1	1	0	1	0	1	4	0	0	120.1538104	50.55183177	37.82438926	15.41947577	-42.41112539	mme_hardy_B11	1	0	0	1	0	0	1	0	0	0	0	0	1	1	0	1	0	0	2	2	2	2	5	5	3	2	11	3	3	unicolor	1	white	120.1538104	50.55183177	37.82438926	15.41947577	-42.41112539
121	mme_legras_de_st_germain_E7	mme_legras_de_st_germain	1846	[1840-1849]	[1830-1849]	A	0	1	93.8	NR	1	1	NR56	NR	1	NR74	NR	1	NR71	NR	1	170.72	97.94	0	1.76667	1	1	0	1	1	1	0	0	0	132.1885497	57.22336843	25.72195592	27.83695549	20.6300504	mme_legras_de_st_germain_E7	0	0	0	1	0	0	0	1	0	0	0	0	1	1	0	1	0	0	3	3	3	3	5	3	1	2	11	5	3	unicolor	1	white	132.1885497	57.22336843	25.72195592	27.83695549	20.6300504
122	mme_zoetmans_E12	mme_zoetmans	unknown	[1840-1849]	[1830-1849]	D	NA	NA	NA	NR	1	1	NR134	NR	1	NR193	NR	1	NR192	NR	1	349.743	158.7	0	0.81	1	1	0	1	1	1	0	0	0	141.7711279	74.51006426	62.97350443	13.05810294	30.96163317	mme_zoetmans_E12	1	0	0	1	0	0	1	0	0	0	0	0	1	1	1	0	1	0	2	2	2	2	5	5	3	2	11	3	5	unicolor	1	pink	141.7711279	74.51006426	62.97350443	13.05810294	30.96163317
125	nathalie_H4	nathalie	1835	[1830-1839]	[1830-1849]	N	0	1	28	RF	3	2.66	RF33	RF	3	R63	R	2	RF77	RF	3	0	0	0	0	0	0	0	0	0	0	4	4	1	-125.1074184	-41.93371826	10.67982019	-18.15785582	27.13864627	nathalie_H4	NA	0	1	1	0	0	1	0	1	1	0	0	0	1	1	0	1	0	2	2	2	2	5	NA	3	4	3	5	3	unicolor	1	pink	-125.1074184	-41.93371826	10.67982019	-18.15785582	27.13864627
132	pergolese_A5	pergolese	1840	[1840-1849]	[1830-1849]	NA	0	1	84.4	NR	1	1	NR141	NR	1	NR204	NR	1	NR206	NR	1	397.073	104.687	0	0.353333	1	1	0	1	1	1	1	0	0	144.0062179	75.44924327	70.61658493	12.99889455	16.6750155	pergolese_A5	0	0	0	1	0	0	0	1	0	0	0	1	0	1	1	0	1	0	3	3	3	3	5	3	3	2	9	5	3	unicolor	1	pink	144.0062179	75.44924327	70.61658493	12.99889455	16.6750155
139	prince_frederic_D11	prince_frederic	1840	[1840-1849]	[1830-1849]	Hgal	0	1	104.2	NR	1	1	NA	NA	NA	NR223	NR	1	NR234	NR	1	410.29	83.018	0	0.534	1	1	0	1	1	1	1	0	0	6.92280743	86.89237434	11.68827612	-6.2252687	20.41441449	prince_frederic_D11	1	1	0	1	0	0	0	1	0	0	0	0	1	1	1	0	0	1	NA	3	3	3	5	7	5	2	11	3	3	unicolor	1	purple	6.92280743	86.89237434	11.68827612	-6.2252687	20.41441449
143	quatre_saisons_blanc_mousseux_F3	quatre_saisons_blanc_mousseux	1830	[1830-1839]	[1830-1849]	M	0	1	50	NR	1	1.33	NR206	NR	1	NR68	NR	1	R29	R	2	873.023	137.967	0	7.53	1	1	0	1	1	1	4	3	1	125.8494053	-42.53741876	-24.12804819	12.65582421	-113.7267674	quatre_saisons_blanc_mousseux_F3	1	1	0	NA	NA	0	1	0	0	0	1	0	0	1	1	0	1	0	1	1	2	NA	NA	5	5	2	7	5	5	unicolor	1	pink	125.8494053	-42.53741876	-24.12804819	12.65582421	-113.7267674
146	robert_le_diable_F12	robert_le_diable	1837	[1830-1839]	[1830-1849]	Hgal	0	1	78.5	NR	1	1	NR122	NR	1	NR172	NR	1	NR170	NR	1	187.473	59.83	0	0.49	1	1	0	1	1	1	0	0	0	149.6965249	77.29480885	74.41923745	8.059512732	34.23840057	robert_le_diable_F12	1	1	0	1	0	0	0	1	0	0	0	1	0	1	1	0	0	1	2	2	3	NA	5	5	5	2	9	5	3	unicolor	1	purple	149.6965249	77.29480885	74.41923745	8.059512732	34.23840057
167	rosa_manetti_H4	rosa_manetti	1835	[1830-1839]	[1830-1849]	NA	0	1	31.4	NR	1	1	NR98	NR	1	NR130	NR	1	NR125	NR	1	589.457	63.4267	0	0	1	1	0	1	1	0	5	4	4	-84.65738845	-32.4079896	-41.75169203	-28.26061163	-81.58538472	rosa_manetti_H4	0	0	0	1	0	0	1	0	1	1	0	0	0	1	1	0	1	0	2	2	2	2	5	3	1	2	3	3	3	unicolor	1	pink	-84.65738845	-32.4079896	-41.75169203	-28.26061163	-81.58538472
178	rosa_spectabilis_H12	rosa_spectabilis	1833	[1830-1839]	[1830-1849]	Hsem	0	1	71.8	NR	1	1	NR193	NR	1	NR269	NR	1	NR279	NR	1	117.233	0	0	0	1	0	0	1	0	0	4	3	3	-97.08990483	100.9511123	-18.72147345	10.45739721	-83.29345613	rosa_spectabilis_H12	0	0	1	0	0	0	1	0	0	0	0	0	1	1	1	0	1	0	NA	NA	2	2	9	3	3	3	11	3	3	unicolor	1	pink	-97.08990483	100.9511123	-18.72147345	10.45739721	-83.29345613
186	sidonie_F6	sidonie	1845	[1840-1849]	[1830-1849]	D	0	1	137.4	RF	3	2.66	RF44	RF	3	R2	R	2	RF6	RF	3	684.712	47.8522	0	2.99222	1	1	0	1	0	1	4	4	4	26.43414523	48.99975998	17.64275171	-3.002747953	-69.12903414	sidonie_F6	0	0	1	1	0	0	1	0	0	0	0	0	1	1	1	0	1	0	NA	2	2	2	5	3	3	3	11	5	3	unicolor	1	pink	26.43414523	48.99975998	17.64275171	-3.002747953	-69.12903414
193	stanwell_perpetual_D11	stanwell_perpetual	1835	[1830-1839]	[1830-1849]	Hspn	0	1	54.8	RF	3	3	RF15	RF	3	RF31	RF	3	RF39	RF	3	348.88	39.4529	0	3.53714	1	1	0	1	0	1	3	1	2	-10.35010506	19.5143752	23.14435439	-55.05267643	-8.618588735	stanwell_perpetual_D11	1	1	0	1	0	0	0	1	0	0	0	0	0	1	0	1	0	0	3	3	3	3	5	7	5	1	1	5	3	unicolor	1	white	-10.35010506	19.5143752	23.14435439	-55.05267643	-8.618588735
194	the_garland_D6	the_garland	1835	[1830-1839]	[1830-1849]	Hmult	0	0	23	NR	1	1	NR47	NR	1	NR64	NR	1	NR65	NR	1	758.077	66.62	0	0	1	1	0	1	1	0	0	0	1	-112.3304807	74.18683276	-65.44298566	51.05376836	-239.8983339	the_garland_D6	0	0	1	1	0	0	0	1	0	0	0	0	0	1	0	1	0	0	3	3	3	3	5	3	3	3	1	1	7	unicolor	1	white	-112.3304807	74.18683276	-65.44298566	51.05376836	-239.8983339
196	toussaint_l_ouverture_H2	toussaint_l_ouverture	1849	[1840-1849]	[1830-1849]	B	0	1	62.8	NR	1	1	NR186	NR	1	NR261	NR	1	NR266	NR	1	270.6	95.9833	0	12.2833	1	1	0	1	1	1	4	0	0	148.2921027	74.10007383	70.59767832	5.253179301	19.3697896	toussaint_l_ouverture_H2	1	1	0	1	0	1	0	0	0	0	0	0	1	1	1	0	1	0	2	1	1	NA	5	7	7	2	11	3	3	unicolor	1	pink	148.2921027	74.10007383	70.59767832	5.253179301	19.3697896
149	rosa_albertii_G7	rosa_albertii	unknown	botanical	Botanical	Sp	1	0	5	R	2	2	R11	R	2	R11	R	2	R14	R	2	582.487	112.52	0	14.4567	1	1	0	1	1	1	0	0	0	201.4786608	-175.3986064	-148.4436032	20.67395437	19.33451125	rosa_albertii_G7	0	0	0	0	1	0	0	1	1	1	0	0	0	1	1	0	1	0	3	3	3	3	7	3	3	1	3	1	3	unicolor	1	pink	201.4786608	-175.3986064	-148.4436032	20.67395437	19.33451125
150	rosa_arvensis_D8	rosa_arvensis	unknown	botanical	Botanical	Sp	1	0	5	NR	1	1	NR65	NR	1	NR87	NR	1	NR82	NR	1	0.0566667	0	0	0	0	0	0	0	0	0	0	0	0	49.69419965	146.5766623	41.64129482	51.12638796	6.799807617	rosa_arvensis_D8	0	0	0	1	0	0	0	1	1	1	0	0	0	1	0	1	0	0	2	3	3	NA	5	3	3	2	3	1	5	unicolor	1	white	49.69419965	146.5766623	41.64129482	51.12638796	6.799807617
151	rosa_californica_E8	rosa_californica	unknown	botanical	Botanical	Sp	0	0	11.2	NR	1	1	NR25	NR	1	NR35	NR	1	NR33	NR	1	377.126	188.944	0	2.93	1	1	0	1	1	1	0	1	1	-8.789701142	-9.522325083	-202.9980426	-47.67333577	34.6797104	rosa_californica_E8	0	0	0	0	1	0	1	0	1	1	0	0	0	1	1	0	1	0	2	2	2	2	7	3	3	2	3	1	5	unicolor	1	pink	-8.789701142	-9.522325083	-202.9980426	-47.67333577	34.6797104
157	rosa_cuspidata_G5	rosa_cuspidata	unknown	botanical	Botanical	Sp	1	0	5	NR	1	1	NR200	NR	1	NR276	NR	1	NR285	NR	1	67.6033	46.2533	0	0	1	1	0	0	0	0	3	0	0	-123.7473416	-74.72404525	52.2481904	-138.9682804	-11.04074346	rosa_cuspidata_G5	0	0	1	NA	NA	0	1	0	1	1	0	0	0	1	1	0	1	0	2	2	2	2	NA	3	1	3	3	3	3	unicolor	1	pink	-123.7473416	-74.72404525	52.2481904	-138.9682804	-11.04074346
160	rosa_ferruginea_C11	rosa_ferruginea	unknown	botanical	Botanical	Sp	1	0	5	R	2	1.66	R34	R	2	NR143	NR	1	R59	R	2	441.82	10.645	0	34.265	1	1	0	1	0	1	2	0	0	205.4350834	-189.9615276	-159.2681551	14.33158278	17.63512606	rosa_ferruginea_C11	0	0	1	1	0	1	0	0	0	0	0	0	0	1	1	0	1	0	2	2	1	NA	5	3	3	3	1	1	3	unicolor	1	pink	205.4350834	-189.9615276	-159.2681551	14.33158278	17.63512606
163	rosa_holikensis_G10	rosa_holikensis	unknown	botanical	Botanical	Hspn	1	0	5	R	2	2	R31	R	2	R40	R	2	R54	R	2	304.6	6.8	0	92.04	1	0	0	1	0	1	2	0	0	191.6259443	-166.423231	-143.6985368	25.94752939	18.9093008	rosa_holikensis_G10	0	0	0	0	1	0	1	0	0	0	0	0	0	1	0	1	0	0	2	1	2	NA	7	3	3	1	1	1	3	unicolor	1	white	191.6259443	-166.423231	-143.6985368	25.94752939	18.9093008
168	rosa_maximowicziana_B9	rosa_maximowicziana	unknown	botanical	Botanical	Sp	1	0	5	NR	1	1	NR68	NR	1	NR90	NR	1	NR84	NR	1	42.7633	79.63	0	0	1	1	0	0	1	0	4	2	0	-50.39509965	137.2198969	-85.77435487	37.16413898	18.62764421	rosa_maximowicziana_B9	1	1	1	0	0	0	0	1	0	0	0	0	0	1	0	1	0	0	1	1	3	NA	1	5	7	3	1	3	3	unicolor	1	white	-50.39509965	137.2198969	-85.77435487	37.16413898	18.62764421
171	rosa_pendulina_oxyodon_H9	rosa_pendulina_oxyodon	unknown	botanical	Botanical	Sp	1	0	5	NA	NA	NA	NA	NA	NA	NA	NA	NA	NA	NA	NA	297.297	95.5433	0	48.23	1	1	0	1	1	1	0	0	0	184.1996114	-161.6471664	-139.5550959	27.80024732	19.59020592	rosa_pendulina_oxyodon_H9	0	0	0	0	1	1	0	0	1	1	0	0	0	1	1	0	1	0	NA	NA	1	1	7	3	1	1	3	3	3	unicolor	1	pink	184.1996114	-161.6471664	-139.5550959	27.80024732	19.59020592
172	rosa_pendulina_pyrenaica_H7	rosa_pendulina_pyrenaica	unknown	botanical	Botanical	Sp	1	0	5.2	NA	NA	1.33	R12	R	2	NR36	NR	1	NR34	NR	1	7.91667	7.99667	0	6.02667	0	0	0	0	0	1	0	0	0	193.9239466	-165.5120062	-144.4224355	28.25063056	21.56039859	rosa_pendulina_pyrenaica_H7	0	0	0	0	1	1	0	0	0	0	0	0	0	1	1	0	1	0	2	3	1	NA	7	3	1	2	1	1	3	unicolor	1	pink	193.9239466	-165.5120062	-144.4224355	28.25063056	21.56039859
174	rosa_polliniana_A11	rosa_polliniana	unknown	botanical	Botanical	NA	1	0	6.4	NR	1	1.33	NR67	NR	1	NR89	NR	1	R35	R	2	221.727	26.1233	0	0	1	1	0	1	0	0	1	0	0	121.7465752	91.37529081	43.83679434	34.14384165	20.6020702	rosa_polliniana_A11	1	0	0	0	0	0	0	1	0	0	0	0	0	1	1	0	1	0	3	3	3	3	1	5	3	2	1	5	3	unicolor	1	pink	121.7465752	91.37529081	43.83679434	34.14384165	20.6020702
177	rosa_rubus_B8	rosa_rubus	unknown	botanical	Botanical	Sp	1	0	5	NR	1	1	NA	NA	NA	NR80	NR	1	NR78	NR	1	832.68	0	0	0	1	0	0	1	0	0	1	0	0	-52.76592775	107.3601086	-66.49987733	55.58556896	-22.63824114	rosa_rubus_B8	1	0	1	1	0	0	1	0	0	0	0	0	0	1	0	1	0	0	NA	2	2	2	5	5	3	3	1	1	5	unicolor	1	white	-52.76592775	107.3601086	-66.49987733	55.58556896	-22.63824114
179	rosa_subgallicodes_E3	rosa_subgallicodes	unknown	botanical	Botanical	Sp	1	0	5	NR	1	1	NR130	NR	1	NR186	NR	1	NR184	NR	1	319.83	0.393333	0	0	1	0	0	1	0	0	0	0	0	40.38239119	138.7470482	27.85077503	54.47320537	3.043440469	rosa_subgallicodes_E3	0	0	1	1	0	0	0	1	0	0	0	0	0	1	0	1	0	0	3	3	3	3	5	3	3	3	1	3	7	unicolor	1	white	40.38239119	138.7470482	27.85077503	54.47320537	3.043440469
180	rosa_villosa_recondita_C5	rosa_villosa_recondita	unknown	botanical	Botanical	Sp	1	0	5	NR	1	1	NR118	NR	1	NR164	NR	1	NR159	NR	1	NA	NA	NA	NA	NA	NA	NA	NA	NA	NA	1	0	0	69.88534558	100.8015096	-2.522139081	-1.158989921	36.07983553	rosa_villosa_recondita_C5	0	0	0	1	0	1	0	0	1	1	0	0	0	1	1	0	1	0	2	2	1	NA	5	3	1	2	3	5	3	unicolor	1	pink	69.88534558	100.8015096	-2.522139081	-1.158989921	36.07983553
181	rosa_wichurana_C9	rosa_wichurana	unknown	botanical	Botanical	Sp	1	0	5	NR	1	1	NR69	NR	1	NR91	NR	1	NR85	NR	1	30.09	70.52	0	0	1	1	0	0	1	0	0	0	0	-93.8449159	168.3867206	-140.6023612	18.95350275	52.67401567	rosa_wichurana_C9	0	0	1	0	0	0	0	1	0	0	0	0	0	1	0	1	0	0	1	1	3	NA	1	3	3	4	1	1	3	unicolor	1	white	-93.8449159	168.3867206	-140.6023612	18.95350275	52.67401567
