INDEX	ID	Name_corCOP	date_corCOP	periode_corCOP	periode_corCOP_2decades	classification_corCOP	mean_petals_binary_less10	mean_petals_binary_more25	mean_petals	CoderemonteeHarmonise3years	codenumremonteeHarmonise3years	codenumremonteeAvg3years	IDJeremyYear1	coderemonteeYear1	codenumremonteeYear1	IDJeremyYear2	coderemonteeYear2	codenumremonteeYear2	IDJeremyYear3	coderemonteeYear3	codenumremonteeYear3	2phenylethanol	geraniol	35dimethoxytoluene	EEfarnesol	2phenylethanol_binary10	geraniol_binary10	35dimethoxytoluene_binary0p1	2phenylethanol_binary100	geraniol_binary50	35dimethoxytoluene_binary0p1	TN2014	TN2015	TN2016	PCo1	PCo2	PCo3	PCo4	PCo5	Name2	Nb_acicules_branch_binaryTatiana	Nb_prickles_branch_binaryTatiana	uper_leaf_shine_binaryTatiana	Plant_Type_BuissonnantOuAutre	Plant_Type_ArbustifOuAutre	Shape2014_CylindriqueOuNon	Shape2014_ConiqueOuNon	Shape2014_SpheriqueOuNon	shape_corolla_FlatOrNot	shape_corolla_EnCoupeOuPas	shape_corolla_GlobuleuseOuPas	shape_corolla_AquartiersOuPas	shape_corolla_ImbriqueeOuPas	color_distribution_UnicolorOrNot	main_petal_color_redpinkpurple_vs_other	main_petal_color_white_vs_other	main_petal_color_rose_vs_other	main_petal_color_purple_vs_other	Shape_2012	Shape_2013	Shape_2014	Shape_across_year	Plant_Type	Nb_acicules_branch	Nb_prickles_branch	uper_leaf_shine	shape_corolla	size_corolla	nb_flowers_per_inflorescence	color_distribution	unicolor_yesorno	main_petal_color	PCo1_2	PCo2_2	PCo3_2	PCo4_2	PCo5_2
1	adam_F4	adam	1838	[1830-1839]	[1830-1849]	T	0	1	51	R	2	2	R64	R	2	R91	R	2	R112	R	2	0.212	0	6.406	0	0	0	1	0	0	0	1	NA	0	-202.6184497	-83.68701119	61.10386399	145.1305199	27.76088089	adam_F4	0	0	1	0	1	0	0	1	1	1	0	0	0	1	1	0	1	0	2	3	3	NA	7	3	1	4	3	3	3	unicolor	1	pink	-202.6184497	-83.68701119	61.10386399	145.1305199	27.76088089
2	adam_messerich_A8	adam_messerich	1920	>1910	NA	B	0	1	32.2	RF	3	2.66	R66	R	2	RF86	RF	3	RF112	RF	3	NA	NA	NA	NA	NA	NA	NA	NA	NA	NA	3	3	NA	-51.15633087	-54.46923342	56.41315673	-15.07918355	10.13496043	adam_messerich_A8	0	0	1	0	1	0	1	0	1	1	0	0	0	1	1	0	1	0	2	NA	2	2	7	3	3	3	3	5	1	unicolor	1	pink	-51.15633087	-54.46923342	56.41315673	-15.07918355	10.13496043
3	adelaide_d_orleans_E10	adelaide_d_orleans	1826	[1820-1829]	[<1800-1829]	Hsem	0	0	22.2	NR	1	1.33	NR42	NR	1	NR59	NR	1	R22	R	2	262.877	0	0.313333	0	1	0	1	1	0	0	4	4	3	-142.1343959	23.75529218	44.71305325	-4.371390824	22.8471221	adelaide_d_orleans_E10	0	0	1	1	0	0	0	1	0	0	0	0	0	1	0	1	0	0	3	3	3	3	5	3	3	4	1	5	7	unicolor	1	white	-142.1343959	23.75529218	44.71305325	-4.371390824	22.8471221
4	aennchen_von_tharau_A2	aennchen_von_tharau	1886	[1880-1889]	[1870-1889]	Hmult	0	1	53	NR	1	1	NR164	NR	1	NR235	NR	1	NR245	NR	1	155.037	48.82	0	0	1	1	0	1	0	0	4	4	1	-64.43591753	-16.16637431	-3.988930189	-85.25679299	40.51227057	aennchen_von_tharau_A2	1	0	0	1	0	0	0	1	1	1	0	0	0	1	1	0	0	1	2	3	3	NA	5	5	3	2	3	3	3	unicolor	1	purple	-64.43591753	-16.16637431	-3.988930189	-85.25679299	40.51227057
5	aglaia_H10	aglaia	1895	[1890-1899]	[1890-1909]	Hmult	0	1	30	NA	NA	NA	NA	NA	NA	NA	NA	NA	NA	NA	NA	NA	NA	NA	NA	NA	NA	NA	NA	NA	NA	0	0	0	-165.9628182	31.52568315	-35.76806702	122.7578042	50.90639741	aglaia_H10	0	0	1	1	0	0	0	1	0	0	0	0	0	1	0	1	0	0	NA	2	3	NA	5	3	3	3	1	5	3	unicolor	1	white	-165.9628182	31.52568315	-35.76806702	122.7578042	50.90639741
6	agnes_A3	agnes	1900	[1900-1909]	[1890-1909]	Hrg	NA	NA	NA	R	2	2.5	NA	NA	NA	RF27	RF	3	R31	R	2	93.9167	9.15	0	0	1	0	0	0	0	0	0	0	0	184.2230589	-154.0270934	-134.4331405	35.41986577	23.86715163	agnes_A3	1	1	0	0	1	1	0	0	0	0	0	0	0	1	0	0	0	0	NA	3	1	NA	7	5	7	2	5	3	1	unicolor	1	yellow	184.2230589	-154.0270934	-134.4331405	35.41986577	23.86715163
7	alberic_barbier_H5	alberic_barbier	1900	[1900-1909]	[1890-1909]	Hwich	0	1	82.6	NR	1	1	NA	NA	NA	NR150	NR	1	NR143	NR	1	0	0	7.34	21.41	0	0	1	0	0	1	3	1	0	-146.410229	25.01381583	-24.02461615	154.8993559	49.99822957	alberic_barbier_H5	0	0	1	0	0	0	1	0	0	0	0	0	1	1	0	1	0	0	NA	3	2	NA	1	3	3	4	11	3	3	unicolor	1	white	-146.410229	25.01381583	-24.02461615	154.8993559	49.99822957
8	alfred_colomb_C3	alfred_colomb	1865	[1860-1869]	[1850-1869]	HP	0	1	65.8	NA	NA	2.33	RF47	RF	3	RF71	RF	3	NR193	NR	1	NA	NA	NA	NA	NA	NA	NA	NA	NA	NA	4	4	4	-99.96367709	-110.0149518	25.00530551	-117.2768667	-5.449221897	alfred_colomb_C3	0	0	0	1	0	1	0	0	0	0	1	0	0	1	1	0	0	0	2	1	1	NA	5	3	3	2	7	5	3	unicolor	1	red	-99.96367709	-110.0149518	25.00530551	-117.2768667	-5.449221897
9	anna_maria_de_montravel_C9	anna_maria_de_montravel	1879	[1870-1879]	[1870-1889]	Pol	0	0	22.8	R	2	2.33	RF7	RF	3	R7	R	2	R9	R	2	178.78	19.6375	0	0	1	1	0	1	0	0	0	1	1	-179.2871992	142.1521351	-154.3697378	-44.31089463	60.68137364	anna_maria_de_montravel_C9	0	0	1	1	0	0	0	1	0	0	1	0	0	1	0	1	0	0	NA	3	3	3	5	3	3	3	7	1	7	unicolor	1	white	-179.2871992	142.1521351	-154.3697378	-44.31089463	60.68137364
10	antonia_d_ormois_C12	antonia_d_ormois	1835	[1830-1839]	[1830-1849]	Hgal	0	1	94.8	NA	NA	1.66	RF45	RF	3	NR230	NR	1	NR240	NR	1	412.82	38.61	0	6.00667	1	1	0	1	0	1	2	3	3	137.7437471	67.86946585	59.68022313	13.24699089	9.406964274	antonia_d_ormois_C12	1	1	0	1	0	0	0	1	0	0	0	0	1	1	1	0	1	0	2	3	3	NA	5	5	5	2	11	3	3	unicolor	1	pink	137.7437471	67.86946585	59.68022313	13.24699089	9.406964274
11	ayrshire_queen_G1	ayrshire_queen	1835	[1830-1839]	[1830-1849]	Ayr	0	1	36.6	NR	1	1.33	NR176	NR	1	NR252	NR	1	R101	R	2	3.95	0	0	0	0	0	0	0	0	0	4	1	1	-138.9991345	-24.51825903	103.7225535	25.59293428	50.95134169	ayrshire_queen_G1	0	0	1	0	0	0	0	1	1	1	0	0	0	1	1	0	1	0	3	3	3	3	9	3	3	3	3	5	3	unicolor	1	pink	-138.9991345	-24.51825903	103.7225535	25.59293428	50.95134169
12	bacchante_A5	bacchante	1805	[1800-1809]	[<1800-1829]	Hgal	NA	NA	NA	NR	1	1	NR114	NR	1	NR158	NR	1	NR151	NR	1	352.59	116.76	0	16.64	1	1	0	1	1	1	1	0	0	148.6877989	78.89562695	74.49304515	9.388725016	34.83346225	bacchante_A5	1	0	0	1	0	1	0	0	0	0	0	1	0	1	1	0	1	0	2	2	1	NA	5	7	1	2	9	NA	3	unicolor	1	pink	148.6877989	78.89562695	74.49304515	9.388725016	34.83346225
13	baron_de_wassenaer_D4	baron_de_wassenaer	1854	[1850-1859]	[1850-1869]	M	0	1	32.4	NR	1	1	NA	NA	NA	NR197	NR	1	NR196	NR	1	317.837	13.5067	0	0	1	1	0	1	0	0	4	4	NA	34.82704723	9.288689072	0.613487934	-56.29790269	-38.51167619	baron_de_wassenaer_D4	1	1	0	1	0	0	1	0	0	0	1	0	0	1	1	0	1	0	NA	2	2	2	5	7	5	2	7	3	3	unicolor	1	pink	34.82704723	9.288689072	0.613487934	-56.29790269	-38.51167619
14	beau_narcisse_H5	beau_narcisse	1824	[1820-1829]	[<1800-1829]	Hgal	0	1	66.6	NR	1	1.33	NR1	NR	1	NR1	NR	1	R1	R	2	263.763	97.3033	0	4.08	1	1	0	1	1	1	1	0	2	6.382910614	32.53792242	48.93836846	7.853137845	32.04381611	beau_narcisse_H5	1	0	0	1	0	1	0	0	0	0	0	1	0	1	1	0	0	1	NA	3	1	NA	5	5	3	2	9	5	3	unicolor	1	purple	6.382910614	32.53792242	48.93836846	7.853137845	32.04381611
15	belle_de_baltimore_G5	belle_de_baltimore	1843	[1840-1849]	[1830-1849]	Hset	0	1	68	NR	1	1	NR108	NR	1	NR149	NR	1	NR142	NR	1	204.82	0.366667	0	0	1	0	0	1	0	0	1	4	1	-46.37096406	97.72673904	-1.605629001	59.44729833	-148.4746297	belle_de_baltimore_G5	0	0	1	0	0	0	1	0	0	0	0	0	1	1	0	1	0	0	1	2	2	NA	9	3	3	3	11	3	5	unicolor	1	white	-46.37096406	97.72673904	-1.605629001	59.44729833	-148.4746297
16	belle_helene_A7	belle_helene	1815	[1810-1819]	[<1800-1829]	Hgal	NA	NA	NA	NR	1	1	NR10	NR	1	NR14	NR	1	NR7	NR	1	422.317	51.19	0	9.22667	1	1	0	1	1	1	1	0	0	148.3839434	77.26115888	73.29728665	8.605538297	33.03700986	belle_helene_A7	1	0	0	1	0	1	0	0	0	0	0	1	0	1	1	0	1	0	1	1	1	1	5	5	3	2	9	5	3	unicolor	1	pink	148.3839434	77.26115888	73.29728665	8.605538297	33.03700986
17	belle_herminie_B10	belle_herminie	1819	[1810-1819]	[<1800-1829]	Hgal	0	1	76.66666667	NR	1	1	NR40	NR	1	NR56	NR	1	NR58	NR	1	250.653	49.7933	0	3.71667	1	1	0	1	0	1	0	0	0	144.9301677	85.69525226	77.60357615	9.551957709	31.98649107	belle_herminie_B10	1	1	0	1	0	0	0	1	0	0	0	1	0	1	1	0	1	0	3	1	3	NA	5	7	5	2	9	5	3	unicolor	1	pink	144.9301677	85.69525226	77.60357615	9.551957709	31.98649107
18	belle_isis_F7	belle_isis	1845	[1840-1849]	[1830-1849]	Hgal	0	1	92.6	NR	1	1	NR58	NR	1	NR76	NR	1	NR73	NR	1	649.893	46.0767	0	1.75	1	1	0	1	0	1	0	0	0	139.8289367	91.20402738	76.06829827	12.34868701	29.30433336	belle_isis_F7	1	1	0	1	0	0	0	1	0	0	0	0	1	1	1	0	1	0	1	3	3	NA	5	5	5	2	11	5	3	unicolor	1	pink	139.8289367	91.20402738	76.06829827	12.34868701	29.30433336
19	belvedere_G8	belvedere	1829	[1820-1829]	[<1800-1829]	Hsem	0	1	43.8	NR	1	1	NR28	NR	1	NR40	NR	1	NR39	NR	1	454.647	0.38	0	0	1	0	0	1	0	0	0	0	0	-76.35198747	130.8225437	-102.8359617	56.56362305	-57.17162918	belvedere_G8	0	0	1	1	0	0	0	1	0	0	1	0	0	1	1	0	1	0	3	3	3	3	5	3	1	4	7	1	7	unicolor	1	pink	-76.35198747	130.8225437	-102.8359617	56.56362305	-57.17162918
20	bijou_des_amateurs_A8	bijou_des_amateurs	1837	[1830-1839]	[1830-1849]	Hgal	0	1	92	NR	1	1	NR8	NR	1	NR11	NR	1	NR5	NR	1	491.92	116.73	0	3.86	1	1	0	1	1	1	4	0	0	147.3416965	84.02596197	78.47719166	7.591117314	33.41085384	bijou_des_amateurs_A8	1	1	0	1	0	1	0	0	0	0	0	0	1	1	1	0	1	0	1	1	1	1	5	5	5	2	11	5	3	unicolor	1	pink	147.3416965	84.02596197	78.47719166	7.591117314	33.41085384
21	blanc_pur_G4	blanc_pur	1827	[1820-1829]	[<1800-1829]	N	0	1	40.75	NR	1	1	NR142	NR	1	NR205	NR	1	NR207	NR	1	255.43	24.174	8.04	0	1	1	1	1	0	0	3	1	1	-89.05312138	-106.0798522	72.57396957	68.46031165	-38.68751025	blanc_pur_G4	0	0	1	0	1	1	0	0	1	1	0	0	0	1	0	1	0	0	2	2	1	NA	7	3	3	3	3	5	3	unicolor	1	white	-89.05312138	-106.0798522	72.57396957	68.46031165	-38.68751025
22	blanche_moreau_A9	blanche_moreau	1880	[1880-1889]	[1870-1889]	M	NA	NA	NA	NA	NA	1	NA	NA	NA	NA	NA	NA	NR131	NR	1	194.29	62.2633	0	1.38333	1	1	0	1	1	1	3	3	3	153.0315293	61.00501605	61.53649982	1.326440892	31.04170792	blanche_moreau_A9	1	1	0	1	0	0	1	0	0	0	0	0	1	1	0	1	0	0	NA	NA	2	2	5	7	7	2	11	3	3	unicolor	1	white	153.0315293	61.00501605	61.53649982	1.326440892	31.04170792
23	blush_damask_H1	blush_damask	1760	unknown	NA	D	0	1	101.2	NR	1	1	NR113	NR	1	NR156	NR	1	NR150	NR	1	NA	NA	NA	NA	NA	NA	NA	NA	NA	NA	0	0	0	155.4423176	-13.73957001	-7.349283466	5.475746716	-6.934541869	blush_damask_H1	1	0	0	1	0	0	0	1	0	0	0	0	1	1	1	0	1	0	2	2	3	NA	5	5	3	2	11	3	3	unicolor	1	pink	155.4423176	-13.73957001	-7.349283466	5.475746716	-6.934541869
24	blush_hip_B3	blush_hip	1830	unknown	NA	A	0	1	42	NR	1	1	NR188	NR	1	NR264	NR	1	NR269	NR	1	NA	NA	NA	NA	NA	NA	NA	NA	NA	NA	1	0	0	44.67255826	24.2437701	51.11986375	-9.067295293	-1.672971374	NA	NA	NA	NA	NA	NA	NA	NA	NA	NA	NA	NA	NA	NA	NA	NA	NA	NA	NA	NA	NA	NA	NA	NA	NA	NA	NA	NA	NA	NA	NA	NA	NA	NA	NA	NA	NA	NA
25	boula_de_nanteuil_A11	boula_de_nanteuil	1834	[1830-1839]	[1830-1849]	Hgal	NA	NA	NA	NR	1	1	NR80	NR	1	NR102	NR	1	NR95	NR	1	755.46	133.11	0	4.41	1	1	0	1	1	1	1	0	NA	149.5281974	77.30266169	73.538664	8.709565382	34.21592363	boula_de_nanteuil_A11	1	0	0	1	0	1	0	0	0	0	0	0	1	0	1	0	1	0	1	1	1	1	5	5	3	2	11	3	3	bicolor	0	pink	149.5281974	77.30266169	73.538664	8.709565382	34.21592363
26	bouquet_de_venus_D6	bouquet_de_venus	1814	[1810-1819]	[<1800-1829]	Hgal	0	0	15	NR	1	1	NR3	NR	1	NR4	NR	1	NR2	NR	1	375.347	61.8167	0	6.78	1	1	0	1	1	1	0	1	0	143.2546063	87.19330098	76.5833296	9.975063417	31.16188248	bouquet_de_venus_D6	0	1	0	1	0	1	0	0	1	1	0	0	0	1	1	0	1	0	1	2	1	NA	5	3	5	2	3	5	3	unicolor	1	pink	143.2546063	87.19330098	76.5833296	9.975063417	31.16188248
27	camaieu_G12	camaieu	1826	[1820-1829]	[<1800-1829]	Hgal	0	1	51.8	NR	1	1.33	NR51	NR	1	NR69	NR	1	R30	R	2	664.44	101.47	0	21.78	1	1	0	1	1	1	0	0	0	145.3760012	84.79419795	75.80717684	10.76519152	32.21629891	camaieu_G12	1	0	0	1	0	1	0	0	1	1	0	0	0	0	1	0	1	0	3	2	1	NA	5	5	3	2	3	5	3	bicolor	0	pink	145.3760012	84.79419795	75.80717684	10.76519152	32.21629891
28	capitaine_basroger_C1	capitaine_basroger	1890	[1890-1899]	[1890-1909]	M	0	1	52.4	NR	1	1	NR173	NR	1	NR246	NR	1	NR256	NR	1	207.493	46.9467	0	0	1	1	0	1	0	0	5	5	1	-9.640970301	-39.01887761	78.15585593	-36.95684111	30.07748965	capitaine_basroger_C1	1	1	1	0	1	0	1	0	1	1	0	0	0	1	1	0	0	1	2	2	2	2	7	5	7	3	3	3	3	unicolor	1	purple	-9.640970301	-39.01887761	78.15585593	-36.95684111	30.07748965
29	caroline_banks_A12	caroline_bank	1889	[1880-1889]	[1870-1889]	Hmult	NA	NA	NA	NR	1	1	NR129	NR	1	NR185	NR	1	NR183	NR	1	61.6067	58.2467	0	0.153333	1	1	0	0	1	1	NA	3	3	-93.76707186	25.50878757	-53.00311352	-85.27165886	17.75708288	caroline_banks_A12	0	0	0	NA	NA	0	1	0	1	1	0	0	0	1	1	0	0	1	2	2	2	2	NA	3	1	2	3	5	3	unicolor	1	purple	-93.76707186	25.50878757	-53.00311352	-85.27165886	17.75708288
30	celine_F12	celine	1824	[1820-1829]	[<1800-1829]	B	0	1	53.2	NR	1	1	NR39	NR	1	NR55	NR	1	NR57	NR	1	525.34	16.74	0	0	1	1	0	1	0	0	3	4	2	-106.4983078	-32.37000764	-44.68090314	-85.44739918	-67.10719485	NA	NA	NA	NA	NA	NA	NA	NA	NA	NA	NA	NA	NA	NA	NA	NA	NA	NA	NA	NA	NA	NA	NA	NA	NA	NA	NA	NA	NA	NA	NA	NA	NA	NA	NA	NA	NA	NA
31	champmey_pink_cluster_B1	champney_s_pink_cluster	1811	[1810-1819]	[<1800-1829]	N	NA	NA	NA	NR	1	1	NA	NA	NA	NR280	NR	1	NR290	NR	1	NA	NA	NA	NA	NA	NA	NA	NA	NA	NA	4	4	NA	-176.6956869	56.12798242	-61.08032607	-4.359355682	-170.8127064	champmey_pink_cluster_B1	NA	NA	NA	NA	NA	NA	NA	NA	NA	NA	NA	NA	NA	NA	NA	NA	NA	NA	NA	NA	NA	NA	NA	NA	NA	NA	NA	NA	NA	NA	NA	NA	-176.6956869	56.12798242	-61.08032607	-4.359355682	-170.8127064
32	charles_lawson_B4	charles_lawson	1853	[1850-1859]	[1850-1869]	NA	0	1	108	NR	1	1	NR136	NR	1	NR196	NR	1	NR195	NR	1	158.13	67.0333	0	2.68333	1	1	0	1	1	1	4	5	4	-18.34859278	-69.7651774	66.2508711	-75.66277555	10.96595515	charles_lawson_B4	0	0	1	1	0	0	0	1	0	0	1	0	0	1	1	0	1	0	2	2	3	NA	5	3	3	3	7	5	3	unicolor	1	pink	-18.34859278	-69.7651774	66.2508711	-75.66277555	10.96595515
33	charles_quint_B2	charles_quint	1856	[1850-1859]	[1850-1869]	Hgal	0	1	119.8	NR	1	1	NR165	NR	1	NR236	NR	1	NR246	NR	1	NA	NA	NA	NA	NA	NA	NA	NA	NA	NA	4	4	4	148.0193298	74.2478013	64.54379158	12.98458226	30.50093962	charles_quint_B2	1	0	0	1	0	1	0	0	0	0	0	0	1	1	1	0	1	0	2	1	1	NA	5	5	3	2	11	3	3	unicolor	1	pink	148.0193298	74.2478013	64.54379158	12.98458226	30.50093962
34	chloris_F10	cloris	1814	[1810-1819]	[<1800-1829]	A	0	1	76.2	NR	1	1	NR57	NR	1	NR75	NR	1	NR72	NR	1	81.618	39.374	0	0.12	1	1	0	0	0	1	0	0	0	145.5297694	6.97243187	-14.85161133	20.90616829	19.02514	chloris_F10	0	0	0	1	0	0	0	1	0	0	0	0	1	1	1	0	1	0	3	3	3	3	5	3	1	2	11	3	3	unicolor	1	pink	145.5297694	6.97243187	-14.85161133	20.90616829	19.02514
35	claire_jacquier_F8	mlle_claire_jacquier	1887	[1880-1889]	[1870-1889]	Pol	0	1	52.6	NR	1	1	NR77	NR	1	NR99	NR	1	NR93	NR	1	750.81	10.0667	6.09333	0	1	1	1	1	0	0	0	0	0	-128.4170857	-13.84619579	10.09662569	139.3906496	-149.4949561	claire_jacquier_F8	0	0	1	0	0	0	1	0	0	0	0	0	0	1	0	1	0	0	1	2	2	NA	9	3	1	4	5	3	5	unicolor	1	white	-128.4170857	-13.84619579	10.09662569	139.3906496	-149.4949561
36	clementine_B4	clementine	1818	[1810-1819]	[<1800-1829]	Hgal	0	1	44.2	NR	1	1	NR184	NR	1	NR258	NR	1	NR263	NR	1	NA	NA	NA	NA	NA	NA	NA	NA	NA	NA	0	0	0	136.9256352	16.62144359	19.79899591	17.60946417	-40.87281866	clementine_B4	1	0	0	0	1	0	1	0	0	0	0	0	0	1	1	0	1	0	2	2	2	2	7	5	3	2	5	5	3	unicolor	1	pink	136.9256352	16.62144359	19.79899591	17.60946417	-40.87281866
37	clotilde_soupert_B11	clothilde_soupert	1889	[1880-1889]	[1870-1889]	Pol	0	1	48	R	2	1.66	R53	R	2	R71	R	2	NR231	NR	1	194.952	0	0	0	1	0	0	1	0	0	5	4	1	-172.2810272	124.8043035	-134.3969251	27.74462787	59.86404483	clotilde_soupert_B11	0	0	1	0	1	0	1	0	1	1	0	0	0	1	0	1	0	0	2	2	2	2	7	3	1	3	3	3	5	unicolor	1	white	-172.2810272	124.8043035	-134.3969251	27.74462787	59.86404483
38	comtesse_de_murinais_E10	comtesse_de_murinais	1843	[1840-1849]	[1830-1849]	M	0	1	66.2	NR	1	1	NA	NA	NA	NR111	NR	1	NR102	NR	1	1194.35	156.34	0	13.45	1	1	0	1	1	1	1	0	1	145.3383323	-15.74866689	-1.354935069	5.325632569	-46.95938899	comtesse_de_murinais_E10	1	1	0	1	0	0	1	0	0	0	0	0	1	1	1	0	1	0	NA	2	2	2	5	7	7	2	11	3	3	unicolor	1	pink	145.3383323	-15.74866689	-1.354935069	5.325632569	-46.95938899
39	corporal_johann_nagy_D10	corporal_johann_nagy	1890	[1890-1899]	[1890-1909]	Hset	0	1	101.4	NR	1	1	NR41	NR	1	NR57	NR	1	NR59	NR	1	326.163	81.9933	0	1.36333	1	1	0	1	1	1	0	0	0	33.51144545	47.12848731	-22.25913585	-56.41449505	15.96692717	corporal_johann_nagy_D10	1	0	0	1	0	0	0	1	0	0	0	1	0	1	1	0	1	0	3	3	3	3	5	5	3	2	9	3	3	unicolor	1	pink	33.51144545	47.12848731	-22.25913585	-56.41449505	15.96692717
40	cramoisi_eblouissant_B6	cramoisi_eblouissant	1805	[1800-1810]	[<1800-1829]	Hgal	0	0	20.6	NR	1	1	NR201	NR	1	NR278	NR	1	NR286	NR	1	336.69	35.5	0	0.756667	1	1	0	1	0	1	1	0	0	143.4372729	80.04958344	67.66108251	11.34188716	29.60371286	cramoisi_eblouissant_B6	1	0	0	1	0	0	0	1	1	1	0	0	0	0	1	0	1	0	2	3	3	NA	5	7	3	2	3	5	3	mixed	0	pink	143.4372729	80.04958344	67.66108251	11.34188716	29.60371286
41	cramoisi_superieur_B7	cramoisi_superieur	1832	[1830-1839]	[1830-1849]	China	NA	NA	NA	NA	NA	NA	NA	NA	NA	NA	NA	NA	NA	NA	NA	NA	NA	NA	NA	NA	NA	NA	NA	NA	NA	NA	NA	NA	-234.5598778	-6.030532698	-12.27828338	-16.91877662	39.35017849	cramoisi_superieur_B7	NA	NA	NA	NA	NA	NA	NA	NA	NA	NA	NA	NA	NA	NA	NA	NA	NA	NA	NA	NA	NA	NA	NA	NA	NA	NA	NA	NA	NA	NA	NA	NA	-234.5598778	-6.030532698	-12.27828338	-16.91877662	39.35017849
42	creme_H3	creme	1894	[1890-1899]	[1890-1909]	S	0	0	22.6	NR	1	1	NR132	NR	1	NR189	NR	1	NR188	NR	1	775.37	53.8733	0	0	1	1	0	1	1	0	0	0	0	-34.19196352	103.4083019	-0.632975669	67.51731572	-136.2844795	creme_H3	0	0	0	1	0	0	0	1	1	1	0	0	0	1	0	1	0	0	2	3	3	NA	5	3	3	2	3	1	7	unicolor	1	white	-34.19196352	103.4083019	-0.632975669	67.51731572	-136.2844795
43	crimsom_rambler_B8	crimsom_rambler	1893	[1890-1899]	[1890-1909]	Hmult	NA	NA	NA	NA	NA	NA	NA	NA	NA	NA	NA	NA	NA	NA	NA	NA	NA	NA	NA	NA	NA	NA	NA	NA	NA	NA	NA	NA	-189.6426621	162.6410869	-171.3454542	-53.6488993	43.66874085	crimsom_rambler_B8	NA	NA	NA	NA	NA	NA	NA	NA	NA	NA	NA	NA	NA	NA	NA	NA	NA	NA	NA	NA	NA	NA	NA	NA	NA	NA	NA	NA	NA	NA	NA	NA	-189.6426621	162.6410869	-171.3454542	-53.6488993	43.66874085
44	crimson_globe_B3	crimson_globe	1890	[1890-1899]	[1890-1909]	M	0	1	98.4	NR	1	1	NR127	NR	1	NR179	NR	1	NR176	NR	1	464.62	71.626	0	0.944	1	1	0	1	1	1	5	4	4	39.20578818	0.367278349	32.5575225	-39.38462083	7.415705118	crimson_globe_B3	1	1	0	1	0	0	0	1	0	0	0	0	1	1	1	0	1	0	2	2	3	NA	5	7	5	2	11	5	3	unicolor	1	pink	39.20578818	0.367278349	32.5575225	-39.38462083	7.415705118
45	dawson_H1	dawson	1888	[1880-1889]	[1870-1889]	Hmult	0	0	14	NR	1	1	NR20	NR	1	NR28	NR	1	NR26	NR	1	199.784	34.358	0	0	1	1	0	1	0	0	5	1	4	-212.2285951	125.2652491	-146.5194713	-69.40393997	46.75548124	dawson_H1	0	0	1	0	1	0	1	0	1	1	0	0	0	1	1	0	1	0	2	2	2	2	7	3	3	3	3	1	7	unicolor	1	pink	-212.2285951	125.2652491	-146.5194713	-69.40393997	46.75548124
46	delille_B12	delille	1852	[1850-1859]	[1850-1869]	M	0	1	44	NA	NA	2	RF36	RF	3	NR218	NR	1	R83	R	2	605.72	10.04	0	0	1	1	0	1	0	0	2	3	NA	35.32378205	10.26597991	35.04353249	-6.973464124	-44.11799824	delille_B12	1	1	0	0	1	0	1	0	0	0	0	0	0	1	0	1	0	0	2	2	2	2	7	7	5	2	1	3	3	unicolor	1	white	35.32378205	10.26597991	35.04353249	-6.973464124	-44.11799824
47	desprez_a_fleur_jaune_B10	desprez_a_fleur_jaune	1835	[1830-1839]	[1830-1849]	N	NA	NA	NA	NA	NA	NA	NA	NA	NA	NA	NA	NA	NA	NA	NA	NA	NA	NA	NA	NA	NA	NA	NA	NA	NA	NA	NA	NA	-182.5912705	-35.91658919	18.01104554	95.2732681	-99.25525959	desprez_a_fleur_jaune_B10	NA	NA	NA	NA	NA	NA	NA	NA	NA	NA	NA	NA	NA	NA	NA	NA	NA	NA	NA	NA	NA	NA	NA	NA	NA	NA	NA	NA	NA	NA	NA	NA	-182.5912705	-35.91658919	18.01104554	95.2732681	-99.25525959
48	deuil_de_paul_fontaine_B11	deuil_de_paul_fontaine	1873	[1870-1879]		M	NA	NA	NA	RF	3	3	NA	NA	NA	RF70	RF	3	RF95	RF	3	125.267	19.69	0	0.886667	1	1	0	1	0	1	5	4	4	18.18259205	7.14327095	48.61139404	-40.5699511	0.169478179	deuil_de_paul_fontaine_B11	1	1	0	0	1	1	0	0	NA	NA	NA	NA	NA	NA	NA	NA	NA	NA	NA	2	1	NA	7	7	7	2	NA	NA	3	NA	NA	NA	18.18259205	7.14327095	48.61139404	-40.5699511	0.169478179
49	dona_sol_A1	dona_sol	1842	[1840-1849]	[1830-1849]	Hgal	0	1	54.2	NR	1	1	NR169	NR	1	NR241	NR	1	NR251	NR	1	307.447	144.64	0	0.52	1	1	0	1	1	1	0	1	0	143.2999309	82.06290795	75.49885638	11.17663168	19.70693792	dona_sol_A1	1	0	0	1	0	0	1	0	1	1	0	0	0	1	1	0	1	0	2	2	2	2	5	7	3	2	3	3	3	unicolor	1	pink	143.2999309	82.06290795	75.49885638	11.17663168	19.70693792
50	duc_d_anjou_B12	duc_d_anjou	1862	[1860-1869]	[1850-1869]	HP	NA	NA	NA	NR	1	1	NR5	NR	1	NR7	NR	1	NR39	NR	1	NA	NA	NA	NA	NA	NA	NA	NA	NA	NA	0	0	0	148.9254874	71.71459386	65.293086	9.896334364	34.49136874	duc_d_anjou_B12	1	0	0	1	0	0	1	0	0	0	0	1	0	1	1	0	1	0	1	1	2	NA	5	7	3	2	9	3	3	unicolor	1	pink	148.9254874	71.71459386	65.293086	9.896334364	34.49136874
51	duc_de_cambridge_B6	duc_de_cambridge	1840	uncertain	NA	NA	0	1	209.6	NR	1	1	NR18	NR	1	NR23	NR	1	NR183	NR	1	408.69	42.43	0	0	1	1	0	1	0	0	4	2	0	35.73675421	13.15933676	3.622305498	-56.17585044	-16.32762971	duc_de_cambridge_B6	1	0	0	1	0	0	1	0	0	0	0	0	1	1	1	0	1	0	3	3	2	NA	5	5	3	2	11	5	3	unicolor	1	pink	35.73675421	13.15933676	3.622305498	-56.17585044	-16.32762971
52	duchesse_de_montebello_H7	duchesse_de_montebello	1824	[1820-1829]	[<1800-1829]	NA	0	1	110.6	NR	1	1	NR84	NR	1	NR108	NR	1	NR100	NR	1	643.393	63.18	0	4.7	1	1	0	1	1	1	1	1	0	144.341745	81.36257682	74.20063879	9.407595331	32.30102745	duchesse_de_montebello_H7	0	0	0	1	0	0	0	1	0	0	0	0	1	1	0	1	0	0	NA	3	3	3	5	3	1	2	11	5	3	unicolor	1	white	144.341745	81.36257682	74.20063879	9.407595331	32.30102745
53	duchesse_de_portland_C2	duchesse_de_portland	1799	<1800	[<1800-1829]	P	NA	NA	NA	NR	1	1	NR43	NR	1	NR60	NR	1	NR61	NR	1	398.67	174.663	0	0.653333	1	1	0	1	1	1	0	0	0	144.4936583	18.7784379	29.21692171	-1.874099926	-33.08820074	duchesse_de_portland_C2	1	0	0	1	0	1	0	0	0	0	0	0	0	1	1	0	0	1	1	2	1	NA	5	5	3	2	1	5	3	unicolor	1	purple	144.4936583	18.7784379	29.21692171	-1.874099926	-33.08820074
54	duchesse_de_verneuil_A7	duchesse_de_verneuil	1856	[1850-1859]	[1850-1869]	M	0	1	33.4	NR	1	1	NR16	NR	1	NR21	NR	1	NR15	NR	1	NA	NA	NA	NA	NA	NA	NA	NA	NA	NA	0	0	0	152.631646	56.26948527	61.47515673	2.116834694	16.27971813	duchesse_de_verneuil_A7	1	1	0	1	0	1	0	0	0	0	0	0	1	1	1	0	1	0	3	1	1	NA	5	7	5	2	11	5	3	unicolor	1	pink	152.631646	56.26948527	61.47515673	2.116834694	16.27971813
55	duchesse_du_berry_C1	duchesse_du_berry	1818	[1810-1819]	[<1800-1829]	NA	0	1	88	NR	1	1	NR153	NR	1	NR220	NR	1	NR228	NR	1	317.827	114.823	0	0.735714	1	1	0	1	1	1	0	0	0	149.7515664	76.63357166	74.00350729	7.967917765	32.87946085	duchesse_du_berry_C1	1	1	0	1	0	1	0	0	0	0	0	0	1	1	1	0	1	0	2	1	1	NA	5	7	5	2	11	3	3	unicolor	1	pink	149.7515664	76.63357166	74.00350729	7.967917765	32.87946085
56	enfant_de_france_B10	enfant_de_france	1857	[1860-1869]	[1850-1869]	HP	0	1	179	R	2	2.5	NA	NA	NA	R32	R	2	RF47	RF	3	236.33	34.5633	3.23333	0	1	1	1	1	0	0	4	4	4	30.1967535	5.224052935	80.20225513	92.86258191	31.57734821	enfant_de_france_B10	0	0	1	0	1	0	1	0	0	0	0	0	1	1	1	0	1	0	NA	3	2	NA	7	3	1	3	11	5	1	unicolor	1	pink	30.1967535	5.224052935	80.20225513	92.86258191	31.57734821
57	ernest_morel_C3	ernest_morel	1898	[1890-1899]	[1890-1909]	HP	0	1	68.2	RF	3	2.66	RF56	RF	3	R92	R	2	RF107	RF	3	65.7467	29.2533	0.0633333	0.583333	1	1	0	0	0	1	3	3	1	-90.22275987	-117.6097713	72.34954268	-113.3455754	12.65520488	ernest_morel_C3	1	0	1	NA	NA	0	1	0	0	0	0	0	1	1	1	0	1	0	2	2	2	2	NA	5	3	3	11	5	1	unicolor	1	pink	-90.22275987	-117.6097713	72.34954268	-113.3455754	12.65520488
58	ernst_dorell_F11	ernst_dorell	1887	[1880-1889]	[1870-1889]	Hmult	0	1	99.4	NR	1	1	NR26	NR	1	NR37	NR	1	NR35	NR	1	440.96	49.6567	0	0.213333	1	1	0	1	0	1	0	0	0	-62.78260197	82.16095756	-45.35538558	-64.09866766	-28.31466479	ernst_dorell_F11	0	1	0	1	0	0	0	1	0	0	0	0	1	1	1	0	1	0	2	3	3	NA	5	3	5	2	11	5	3	unicolor	1	pink	-62.78260197	82.16095756	-45.35538558	-64.09866766	-28.31466479
59	etoile_de_lyon_G11	etoile_de_lyon	1881	[1880-1889]	[1870-1889]	T	0	1	102	R	2	2	NA	NA	NA	R8	R	2	R10	R	2	0	0	9.09	0	0	0	1	0	0	0	3	1	1	-203.4675158	-146.360826	113.9790231	179.3525291	44.67653752	etoile_de_lyon_G11	0	0	1	1	0	0	1	0	0	0	1	0	0	1	NA	NA	NA	NA	NA	2	2	2	5	3	3	3	7	5	1	unicolor	1	NA	-203.4675158	-146.360826	113.9790231	179.3525291	44.67653752
60	eugene_furst_C12	eugene_furst	1875	[1870-1879]	[1870-1889]	HP	0	1	53	RF	3	3	RF48	RF	3	RF72	RF	3	NA	NA	NA	89.1933	27.5733	0	0.696667	1	1	0	0	0	1	5	1	1	-135.6887283	-138.7577132	65.41007157	-145.2229325	33.80535492	eugene_furst_C12	0	1	0	0	1	1	0	0	1	1	0	0	0	1	1	0	0	0	2	1	1	NA	7	3	5	2	3	3	NA	unicolor	1	red	-135.6887283	-138.7577132	65.41007157	-145.2229325	33.80535492
61	euphrosine_G10	euphrosine	1895	[1890-1899]	[1890-1909]	Hmult	0	0	10	NR	1	1.33	NR45	NR	1	NR62	NR	1	R24	R	2	168.287	27.26	0	0	1	1	0	1	0	0	1	1	0	-201.5502012	151.7333885	-166.6097886	-73.32092059	46.2282974	euphrosine_G10	0	0	1	1	0	0	0	1	1	1	0	0	0	1	1	0	1	0	2	3	3	NA	5	3	3	3	3	1	7	unicolor	1	pink	-201.5502012	151.7333885	-166.6097886	-73.32092059	46.2282974
62	fatinitza_A3	fatinitza	1886	[1880-1889]	[1870-1889]	Hmult	1	0	5	NA	NA	2.33	NR37	NR	1	RF21	RF	3	NR54	NR	1	0	0	0	0	0	0	0	0	0	0	4	5	3	-182.8709506	41.27492377	-56.30808273	67.82808025	59.89973214	fatinitza_A3	0	0	1	0	1	0	1	0	1	1	0	0	0	0	1	0	1	0	2	2	2	2	7	3	1	3	3	3	5	variable	0	pink	-182.8709506	41.27492377	-56.30808273	67.82808025	59.89973214
63	francois_arago_C6	francois_arago	1858	[1850-1859]	[1850-1869]	HP	0	1	55.2	RF	3	3	RF55	RF	3	RF79	RF	3	RF106	RF	3	214.673	38.21	0.0366667	0	1	1	0	1	0	0	3	3	2	-131.001037	-125.9758325	62.6356776	-81.66550154	31.44962362	francois_arago_C6	0	0	1	0	1	1	0	0	0	0	0	0	1	1	1	0	1	0	2	2	1	NA	7	3	3	3	11	5	3	unicolor	1	pink	-131.001037	-125.9758325	62.6356776	-81.66550154	31.44962362
64	francois_foucard_C7	francois_foucard	1900	[1900-1909]	[1890-1909]	Hwich	0	1	88.8	R	2	2.33	R14	R	2	R14	R	2	RF21	RF	3	0.33	0.226667	0	26.7567	0	0	0	0	0	1	0	0	0	-167.477563	45.6750527	-46.07160698	135.2799271	30.21399301	francois_foucard_C7	0	0	1	1	0	0	0	1	0	0	0	1	0	1	0	1	0	0	3	3	3	3	5	3	1	4	9	5	7	unicolor	1	white	-167.477563	45.6750527	-46.07160698	135.2799271	30.21399301
65	fulgens_gallique_D1	fulgens_gallique	1828	[1820-1829]	[<1800-1829]	NA	0	1	62	NR	1	1	NA	NA	NA	NR215	NR	1	NR221	NR	1	538.04	133.32	0	0	1	1	0	1	1	0	4	3	2	-42.7414312	-6.959081845	51.25841157	30.43627268	5.251381528	fulgens_gallique_D1	1	0	1	1	0	0	0	1	0	0	1	0	0	1	1	0	1	0	2	3	3	NA	5	5	3	3	7	5	3	unicolor	1	pink	-42.7414312	-6.959081845	51.25841157	30.43627268	5.251381528
66	gaspard_monge_B8	gaspard_monge	1854	[1850-1859]	[1850-1869]	C	0	1	113.6	NR	1	1	NR23	NR	1	NR32	NR	1	NR30	NR	1	456.187	61.3033	0	1.22333	1	1	0	1	1	1	2	1	0	3.818284363	20.70896753	12.26736437	-40.35864347	-29.23381397	gaspard_monge_B8	0	0	0	1	0	0	1	0	0	0	1	0	0	1	1	0	1	0	2	2	2	2	5	3	1	2	7	5	3	unicolor	1	pink	3.818284363	20.70896753	12.26736437	-40.35864347	-29.23381397
67	geant_des_batailles_C8	geant_des_batailles	1846	[1840-1849]	[1830-1849]	HP	NA	NA	NA	NA	NA	NA	NA	NA	NA	NA	NA	NA	NA	NA	NA	NA	NA	NA	NA	NA	NA	NA	NA	NA	NA	NA	NA	NA	-120.1364757	-77.24791094	55.40352297	-98.95398974	19.91319915	geant_des_batailles_C8	NA	NA	NA	NA	NA	NA	NA	NA	NA	NA	NA	NA	NA	NA	NA	NA	NA	NA	NA	NA	NA	NA	NA	NA	NA	NA	NA	NA	NA	NA	NA	NA	-120.1364757	-77.24791094	55.40352297	-98.95398974	19.91319915
68	general_jacqueminot_C9	general_jacqueminot	1853	[1850-1859]	[1850-1869]	HP	NA	NA	NA	NA	NA	NA	NA	NA	NA	NA	NA	NA	NA	NA	NA	NA	NA	NA	NA	NA	NA	NA	NA	NA	NA	NA	NA	NA	-92.7816724	-104.0111562	50.2488071	-128.4759213	4.643177482	general_jacqueminot_C9	NA	NA	NA	NA	NA	NA	NA	NA	NA	NA	NA	NA	NA	NA	NA	NA	NA	NA	NA	NA	NA	NA	NA	NA	NA	NA	NA	NA	NA	NA	NA	NA	-92.7816724	-104.0111562	50.2488071	-128.4759213	4.643177482
69	general_kleber_B7	general_kleber	1856	[1850-1859]	[1850-1869]	M	0	1	66.2	NR	1	1	NR15	NR	1	NR20	NR	1	NR14	NR	1	179.08	223.037	0	5.11333	1	1	0	1	1	1	0	0	0	144.6086766	60.65818547	52.81379598	11.52834414	16.81035695	general_kleber_B7	1	1	0	1	0	1	0	0	0	0	0	0	0	1	1	0	1	0	2	1	1	NA	5	7	5	2	1	5	3	unicolor	1	pink	144.6086766	60.65818547	52.81379598	11.52834414	16.81035695
70	geschwind_s_orden_D9	geschwind_s_orden	1886	[1880-1889]	[1870-1889]	Hmult	0	1	100.2	NR	1	1	NR32	NR	1	NR48	NR	1	NR49	NR	1	407.387	7.59667	0	0	1	0	0	1	0	0	4	4	5	33.84811283	-52.96734206	-48.77594931	-21.89081503	-52.07279606	geschwind_s_orden_D9	0	0	0	1	0	0	1	0	0	0	0	1	0	1	1	0	1	0	2	2	2	2	5	3	1	2	9	5	5	unicolor	1	pink	33.84811283	-52.96734206	-48.77594931	-21.89081503	-52.07279606
71	gilda_A6	gilda	1887	[1880-1889]	[1870-1889]	Hmult	0	1	103.4	NR	1	1.33	NR2	NR	1	NR2	NR	1	R2	R	2	389.723	3.54	0	0	1	0	0	1	0	0	3	3	4	-20.03500639	62.61217061	-37.43510907	-47.46088925	24.66949258	gilda_A6	0	0	0	0	0	0	1	0	0	0	0	0	1	1	1	0	1	0	1	2	2	NA	9	3	1	2	11	3	3	unicolor	1	pink	-20.03500639	62.61217061	-37.43510907	-47.46088925	24.66949258
72	gloire_de_dijon_C11	gloire_de_dijon	1850	[1850-1859]	[1850-1869]	T	NA	NA	NA	R	2	2	NA	NA	NA	NA	NA	NA	R81	R	2	NA	NA	NA	NA	NA	NA	NA	NA	NA	NA	NA	2	2	-104.6557732	-65.12367752	65.58909159	67.65217886	12.87769683	gloire_de_dijon_C11	NA	NA	NA	NA	NA	NA	NA	NA	NA	NA	NA	NA	NA	NA	NA	NA	NA	NA	NA	NA	NA	NA	NA	NA	NA	NA	NA	NA	NA	NA	NA	NA	-104.6557732	-65.12367752	65.58909159	67.65217886	12.87769683
73	gloire_de_ducher_C12	gloire_de_ducher	1865	[1860-1869]	[1850-1869]	HP	NA	NA	NA	NA	NA	NA	NA	NA	NA	NA	NA	NA	NA	NA	NA	NA	NA	NA	NA	NA	NA	NA	NA	NA	NA	5	0	NA	-135.5488531	-76.89754197	44.30370495	-106.1541808	7.733438587	gloire_de_ducher_C12	NA	NA	NA	NA	NA	NA	NA	NA	NA	NA	NA	NA	NA	NA	NA	NA	NA	NA	NA	NA	NA	NA	NA	NA	NA	NA	NA	NA	NA	NA	NA	NA	-135.5488531	-76.89754197	44.30370495	-106.1541808	7.733438587
74	gloire_des_rosomanes_D1	gloire_des_rosomanes	1825	[1820-1829]	[<1800-1829]	Ch	NA	NA	NA	RF	3	3	RF16	RF	3	RF34	RF	3	RF44	RF	3	NA	NA	NA	NA	NA	NA	NA	NA	NA	NA	2	1	1	-88.98761968	-52.30979791	-22.5417223	40.06564632	-63.36592416	gloire_des_rosomanes_D1	0	0	1	0	1	0	1	0	1	1	0	0	0	1	1	0	1	0	1	1	2	NA	7	3	1	3	3	3	1	unicolor	1	pink	-88.98761968	-52.30979791	-22.5417223	40.06564632	-63.36592416
75	himmelsauge_A12	himmelsauge	1893	[1890-1899]	[1890-1909]	Hset	0	1	105.8	NR	1	1	NR133	NR	1	NR190	NR	1	NR189	NR	1	201.498	105.76	0	0.024	1	1	0	1	1	0	0	0	0	-6.803593876	138.077276	-65.3212506	-24.99976188	42.59611588	himmelsauge_A12	1	1	0	1	0	0	0	1	0	0	0	0	1	1	1	0	0	1	2	2	3	NA	5	5	5	2	11	3	3	unicolor	1	purple	-6.803593876	138.077276	-65.3212506	-24.99976188	42.59611588
76	hippolyte.D7	hippolyte	unknown	unknown	NA	Hgal	0	1	105.3333333	NR	1	1	NR12	NR	1	NR17	NR	1	NR12	NR	1	135.913	98.0867	0	2.19333	1	1	0	1	1	1	0	0	0	5.896730001	78.17488958	2.083093217	-24.2916782	28.91673066	hippolyte.D7	0	0	0	1	0	0	0	1	0	0	0	0	1	1	1	0	0	1	3	3	3	3	5	3	1	2	11	3	5	unicolor	1	purple	5.896730001	78.17488958	2.083093217	-24.2916782	28.91673066
77	hovyn_de_tronchere_D3	hovyn_de_tronchere	1898	[1890-1899]	[1890-1909]	T	0	1	96.5	RF	3	3	NA	NA	NA	NA	NA	NA	RF17	RF	3	0	0	31.23	0	0	0	1	0	0	0	2	0	1	-194.5153023	-115.1143831	92.66111825	177.904015	39.17425129	hovyn_de_tronchere_D3	0	0	0	0	1	0	1	0	0	0	0	0	1	1	0	1	0	0	NA	NA	2	2	7	3	3	2	11	3	1	unicolor	1	white	-194.5153023	-115.1143831	92.66111825	177.904015	39.17425129
78	horace_vernet.E7	horace_vernet	1866	[1860-1869]	[1850-1869]	HP	0	1	111.2	NR	1	1	NR6	NR	1	NR8	NR	1	NR4	NR	1	375.797	51.5386	0	0.344286	1	1	0	1	1	1	0	0	0	129.4446836	21.04858961	26.23487147	4.900595868	-56.97190434	horace_vernet.E7	1	1	0	1	0	0	1	0	0	0	0	0	1	1	1	0	1	0	2	2	2	2	5	5	5	2	11	5	5	unicolor	1	pink	129.4446836	21.04858961	26.23487147	4.900595868	-56.97190434
79	hume_s_blush_tea_scented_china_C7	hume_s_blush_tea_scented_china	unknown	unknown	NA	T	0	1	39.4	RF	3	3	RF3	RF	3	RF4	RF	3	RF7	RF	3	0.14	19.4167	9.40333	0	0	1	1	0	0	0	0	0	0	-244.4056917	-86.30331373	49.21404611	76.82778709	49.67779946	hume_s_blush_tea_scented_china_C7	0	0	1	1	0	0	1	0	1	1	0	0	0	1	1	0	1	0	2	2	2	2	5	3	3	4	3	3	1	unicolor	1	pink	-244.4056917	-86.30331373	49.21404611	76.82778709	49.67779946
80	hybride_de_rosa_wichurana_H12	hybride_de_rosa_wichurana	unknown	unknown	NA	NA	1	0	5	NA	NA	NA	NA	NA	NA	NA	NA	NA	NA	NA	NA	NA	NA	NA	NA	NA	NA	NA	NA	NA	NA	NA	NA	NA	-146.3629762	157.7971304	-145.1525705	-14.35047727	62.49987946	hybride_de_rosa_wichurana_H12	NA	NA	NA	NA	NA	NA	NA	NA	NA	NA	NA	NA	NA	NA	NA	NA	NA	NA	NA	NA	NA	NA	NA	NA	NA	NA	NA	NA	NA	NA	NA	NA	-146.3629762	157.7971304	-145.1525705	-14.35047727	62.49987946
81	imperatrice_josephine_E9	imperatrice_josephine	1815	[1810-1819]	[<1800-1829]	Hgal	0	1	47.33333333	NR	1	1	NR88	NR	1	NR118	NR	1	NR112	NR	1	325.58	6.18	0	0	1	0	0	1	0	0	3	0	1	155.8534354	19.58178278	11.90590703	12.49233483	18.3858585	imperatrice_josephine_E9	0	0	0	1	0	0	1	0	1	1	0	0	0	1	1	0	1	0	1	2	2	NA	5	3	3	2	3	5	3	unicolor	1	pink	155.8534354	19.58178278	11.90590703	12.49233483	18.3858585
82	indigo_D3	indigo	1845	[1840-1849]	[1830-1849]	P	0	1	81.8	R	2	2.33	RF49	RF	3	R85	R	2	R105	R	2	322.426	18.14	0	1.4	1	1	0	1	0	1	0	0	0	147.2169453	60.88683468	60.759448	7.046806254	9.912991317	indigo_D3	1	0	0	1	0	0	0	1	0	0	0	0	1	1	1	0	0	1	2	2	3	NA	5	7	3	2	11	3	3	unicolor	1	purple	147.2169453	60.88683468	60.759448	7.046806254	9.912991317
83	jacques_cartier_blanc_G1	jacques_cartier_blanc	2001	unknown	NA	P	0	1	164	R	2	1.66	R51	R	2	R65	R	2	NR220	NR	1	NA	NA	NA	NA	NA	NA	NA	NA	NA	NA	3	1	1	24.48217792	76.92810952	25.72266486	2.53135576	-44.88642207	jacques_cartier_blanc_G1	1	0	0	1	0	0	1	0	0	0	0	0	1	1	1	0	1	0	1	2	2	NA	5	7	3	2	11	5	3	unicolor	1	pink	24.48217792	76.92810952	25.72266486	2.53135576	-44.88642207
84	janet_s_pride_D2	janet_s_pride	1894	[1890-1899]	[1890-1909]	Heg	0	0	16	NR	1	1	NR182	NR	1	NR257	NR	1	NR261	NR	1	91.2433	55.2	0	1.41667	1	1	0	0	1	1	4	0	0	119.6509158	94.01847498	61.15376425	23.41182465	21.66487968	janet_s_pride_D2	0	1	0	1	0	0	0	1	0	0	0	0	0	0	0	1	0	0	2	2	3	NA	5	3	5	2	1	5	5	bicolor	0	white	119.6509158	94.01847498	61.15376425	23.41182465	21.66487968
85	jean_bach_sisley_D4	jean_bach_sisley	1898	[1890-1899]	[1890-1909]	Ch	0	1	31	RF	3	2.66	RF23	RF	3	RF46	RF	3	R66	R	2	0	0	20.3967	0	0	0	1	0	0	0	2	0	0	-215.6964794	-77.12346978	43.21106084	120.471071	46.55077236	jean_bach_sisley_D4	0	0	1	NA	NA	0	1	0	0	0	0	0	1	1	1	0	1	0	2	2	2	2	NA	3	3	4	11	5	1	unicolor	1	pink	-215.6964794	-77.12346978	43.21106084	120.471071	46.55077236
86	jeanne_d_arc_G2	jeanne_d_arc	1909	[1900-1909]	[1890-1909]	Pol	0	0	14	RF	3	3	RF24	RF	3	RF47	RF	3	RF62	RF	3	588.26	1.71667	0	0	1	0	0	1	0	0	3	0	0	-162.9380905	144.3832897	-149.5258647	-13.07501072	71.69168684	jeanne_d_arc_G2	0	0	1	1	0	0	0	1	1	1	0	0	0	1	0	1	0	0	3	3	3	3	5	3	3	3	3	1	7	unicolor	1	white	-162.9380905	144.3832897	-149.5258647	-13.07501072	71.69168684
87	jenny_duval_G8	jenny_duval	1842	[1840-1849]	[1830-1849]	Hgal	0	1	50	NR	1	1	NR76	NR	1	NR98	NR	1	NR92	NR	1	183.623	71.1633	0	11.39	1	1	0	1	1	1	2	0	0	148.060744	76.93918669	72.49646034	8.893243978	33.74701538	jenny_duval_G8	0	1	0	1	0	0	0	1	0	0	0	0	1	1	1	0	1	0	3	1	3	NA	5	3	5	2	11	5	3	unicolor	1	pink	148.060744	76.93918669	72.49646034	8.893243978	33.74701538
88	jersey_beauty_F1	jersey_beauty	1899	[1890-1899]	[1890-1909]	Hwich	1	0	5	NA	NA	1.5	NA	NA	NA	NR251	NR	1	R100	R	2	27.6867	2.62333	3.85333	13.22	1	0	1	0	0	1	0	1	0	-136.9171887	49.77471905	-48.93504916	120.2522664	47.56483611	jersey_beauty_F1	0	0	1	0	0	1	0	0	1	1	0	0	0	0	0	1	0	0	NA	2	1	NA	9	3	3	4	3	3	3	mixed	0	white	-136.9171887	49.77471905	-48.93504916	120.2522664	47.56483611
89	julie_de_mersan_C7	julie_de_mersan	1854	[1850-1859]	[1850-1869]	M	0	1	64.6	NR	1	1	NR54	NR	1	NR72	NR	1	NR69	NR	1	270.394	76.09	0	3.226	1	1	0	1	1	1	4	1	0	90.41111067	10.35509557	69.64603422	-42.82850393	4.004817706	julie_de_mersan_C7	1	1	0	1	0	0	0	1	0	0	0	0	1	1	1	0	1	0	2	3	3	NA	5	7	5	2	11	5	3	unicolor	1	pink	90.41111067	10.35509557	69.64603422	-42.82850393	4.004817706
90	la_belle_distinguee_E1	la_belle_distinguee	unknown	unknown	NA	Heg	0	1	48.6	NR	1	1	NR175	NR	1	NR250	NR	1	NR257	NR	1	401.743	129.197	0	4.77	1	1	0	1	1	1	1	0	0	156.5435163	3.533562297	2.101387199	10.68951143	15.03123261	la_belle_distinguee_E1	1	1	0	1	0	0	1	0	1	1	0	0	0	1	1	0	1	0	2	2	2	2	5	5	5	2	3	3	5	unicolor	1	pink	156.5435163	3.533562297	2.101387199	10.68951143	15.03123261
91	la_biche_E6	la_biche	1832	[1830-1839]	[1830-1849]	N	0	1	44.75	RF	3	3	NA	NA	NA	RF3	RF	3	RF4	RF	3	NA	NA	NA	NA	NA	NA	NA	NA	NA	NA	5	1	0	-208.5753525	-85.62655094	40.38642174	38.12791829	36.36777707	la_biche_E6	NA	NA	NA	NA	NA	0	1	0	NA	NA	NA	NA	NA	NA	NA	NA	NA	NA	NA	2	2	2	NA	NA	NA	NA	NA	NA	NA	NA	NA	NA	-208.5753525	-85.62655094	40.38642174	38.12791829	36.36777707
92	la_caille_A2	la_caille	1857	[1850-1859]	[1850-1869]	M	0	1	68.4	NR	1	1	NR115	NR	1	NR159	NR	1	NR152	NR	1	73.28	31.03	0	6.61667	1	1	0	0	0	1	1	0	0	32.17870208	-22.04994224	37.20400994	-63.38421049	-3.351252651	la_caille_A2	1	1	0	1	0	0	1	0	0	0	1	0	0	1	1	0	0	1	1	2	2	NA	5	7	5	2	7	5	3	unicolor	1	purple	32.17870208	-22.04994224	37.20400994	-63.38421049	-3.351252651
93	la_favorite_A10	la_favorite	1899	[1890-1899]	[1890-1909]	HT	0	1	79.2	RF	3	3	RF43	RF	3	R78	R	2	RF92	RF	3	246.467	0.1	5.30667	0	1	0	1	1	0	0	2	5	3	-111.7238318	-113.5927654	75.56269903	54.13208208	20.47993894	la_favorite_A10	0	0	1	0	1	0	1	0	1	1	0	0	0	1	0	1	0	0	2	2	2	2	7	3	3	3	3	3	1	unicolor	1	white	-111.7238318	-113.5927654	75.56269903	54.13208208	20.47993894
94	la_france_D7	la_france	1867	[1860-1869]	[1850-1869]	HT	0	1	77	NA	NA	1.66	NR203	NR	1	NR279	NR	1	RF109	RF	3	0	121.39	0	1.45	0	1	0	0	1	1	4	4	3	-94.34562136	-99.14902461	55.17482259	-7.192509026	5.034087507	la_france_D7	NA	NA	NA	NA	NA	1	0	0	NA	NA	NA	NA	NA	NA	NA	NA	NA	NA	1	2	1	NA	NA	NA	NA	NA	NA	NA	NA	NA	NA	NA	-94.34562136	-99.14902461	55.17482259	-7.192509026	5.034087507
95	la_noblesse_B2	la_noblesse	1856	[1850-1859]	[1850-1869]	C	0	1	71.6	NR	1	1	NR179	NR	1	NR255	NR	1	NR259	NR	1	122.059	41.76	0	0.274286	1	1	0	1	0	1	5	4	4	-8.878431065	-42.42177288	46.87313853	-68.98850865	7.901940723	la_noblesse_B2	1	0	1	0	1	0	1	0	0	0	0	0	1	1	1	0	1	0	2	2	2	2	7	5	3	3	11	5	3	unicolor	1	pink	-8.878431065	-42.42177288	46.87313853	-68.98850865	7.901940723
96	la_reine_D8	la_reine	1842	[1840-1849]	[1830-1849]	HP	NA	NA	NA	NA	NA	NA	NA	NA	NA	NA	NA	NA	NA	NA	NA	NA	NA	NA	NA	NA	NA	NA	NA	NA	NA	NA	NA	NA	-17.16978945	-24.74616432	53.65289481	-91.6015736	6.262725568	la_reine_D8	NA	NA	NA	NA	NA	NA	NA	NA	NA	NA	NA	NA	NA	NA	NA	NA	NA	NA	NA	NA	NA	NA	NA	NA	NA	NA	NA	NA	NA	NA	NA	NA	-17.16978945	-24.74616432	53.65289481	-91.6015736	6.262725568
97	la_sirene_A9	la_sirene	1867	[1860-1869]	[1850-1869]	HP	0	1	62.8	NR	1	1	NR29	NR	1	NR44	NR	1	NR45	NR	1	4.54667	47.9667	0	0	0	1	0	0	0	0	0	0	0	-100.3221991	78.91633458	-51.20541577	-61.29790818	-24.42730283	la_sirene_A9	0	1	0	1	0	0	1	0	0	0	0	0	1	1	1	0	1	0	2	2	2	2	5	3	5	2	11	5	5	unicolor	1	pink	-100.3221991	78.91633458	-51.20541577	-61.29790818	-24.42730283
98	lamotte_sanguin_D12	lamotte_sanguin	1869	[1860-1869]	[1850-1869]	HP	0	1	114	R	2	2	R56	R	2	R75	R	2	R90	R		212.907	11.8167	0	0	1	1	0	1	0	0	4	4	4	-33.12660536	-49.99774462	65.62698067	-84.96741865	-8.761960917	lamotte_sanguin_D12	1	1	1	0	1	0	1	0	0	0	0	0	1	1	1	0	1	0	2	2	2	2	7	5	5	3	11	5	3	unicolor	1	pink	-33.12660536	-49.99774462	65.62698067	-84.96741865	-8.761960917
99	lea_F1	lea	1825	uncertain	NA	Hgal	0	1	115.6	NR	1	1	NR146	NR	1	NR213	NR	1	NA	NA	NA	528.14	94.21	0	2.09	1	1	0	1	1	1	4	0	3	127.3220054	14.93564279	14.90443907	13.39650284	-55.08801693	lea_F1	NA	NA	NA	NA	NA	NA	NA	NA	NA	NA	NA	NA	NA	NA	NA	NA	NA	NA	1	2	NA	NA	NA	NA	NA	NA	NA	NA	NA	NA	NA	NA	127.3220054	14.93564279	14.90443907	13.39650284	-55.08801693
100	leda_E6	leda	1827	[1820-1829]	[<1800-1829]	D	0	1	117	NR	1	1.33	NR48	NR	1	NR65	NR	1	R26	R	2	714.14	34.84	0	0	1	1	0	1	0	0	1	0	0	136.8273362	28.13269842	34.47347126	5.049887776	-45.07361476	leda_E6	1	1	0	1	0	0	1	0	NA	NA	NA	NA	NA	0	0	1	0	0	3	1	2	NA	5	7	5	2	NA	3	3	mixed	0	white	136.8273362	28.13269842	34.47347126	5.049887776	-45.07361476
101	leuchtstern_G2	leuchtstern	1889	[1880-1889]	[1870-1889]	Hmult	1	0	5	NR	1	1	NR187	NR	1	NR262	NR	1	NR267	NR	1	653.643	1.07667	0	0	1	0	0	1	0	0	1	2	3	-117.0689884	113.0128176	-103.978127	19.59771956	-108.09685	leuchtstern_G2	1	0	1	0	0	0	0	1	1	1	0	0	0	1	1	0	1	0	2	2	3	NA	9	5	3	3	3	3	7	unicolor	1	pink	-117.0689884	113.0128176	-103.978127	19.59771956	-108.09685
102	louis_lille_D9	louis_lille	1887	[1880-1889]	[1870-1889]	HP	0	1	88	NR	1	1	NA	NA	NA	NR27	NR	1	NR25	NR	1	619.152	81.412	0	3.452	1	1	0	1	1	1	0	0	1	149.0836631	76.67009345	71.98944202	9.584793699	33.9454973	louis_lille_D9	1	0	0	1	0	1	0	0	0	0	0	1	0	1	1	0	1	0	NA	2	1	NA	5	7	3	2	9	5	3	unicolor	1	pink	149.0836631	76.67009345	71.98944202	9.584793699	33.9454973
103	marguerite_de_roman_E12	marguerite_de_roman	1882	[1880-1889]	[1870-1889]	HP	0	1	61	RF	3	2.66	R2	R	2	RF5	RF	3	RF8	RF	3	309.76	159.07	0	0	1	1	0	1	1	0	NA	4	0	-28.44259471	-1.565777841	45.66479506	-77.12638577	-44.79501917	marguerite_de_roman_E12	0	1	0	NA	NA	0	1	0	NA	NA	NA	NA	NA	1	1	0	1	0	2	1	2	NA	NA	3	5	2	NA	5	1	unicolor	1	pink	-28.44259471	-1.565777841	45.66479506	-77.12638577	-44.79501917
104	marie_dermar_G5	marie_dermar	1889	[1880-1889]	[1870-1889]	N	NA	NA	NA	NR	1	1	NR13	NR	1	NR18	NR	1	NR13	NR	1	60.8378	17.5056	0	0.142222	1	1	0	0	0	1	4	4	2	-43.28708186	-75.63204311	22.62356339	-27.81279963	-45.60664985	marie_dermar_G5	0	0	0	0	0	0	0	1	1	1	0	0	0	1	0	1	0	0	3	3	3	3	9	3	3	2	3	3	3	unicolor	1	white	-43.28708186	-75.63204311	22.62356339	-27.81279963	-45.60664985
105	maupertuis_H8	maupertuis	1868	[1860-1869]	[1850-1869]	M	0	1	75.4	R	2	2	R8	R	2	R10	R	2	R11	R	2	288.727	159.18	0.396667	2.45	1	1	1	1	1	1	0	0	0	149.7510299	75.53968062	76.19837258	-0.340348671	19.29428871	maupertuis_H8	1	1	0	1	0	0	1	0	0	0	0	0	1	1	1	0	0	1	2	2	2	2	5	7	7	2	11	3	3	unicolor	1	purple	149.7510299	75.53968062	76.19837258	-0.340348671	19.29428871
106	may_queen_D11	may_queen	1898	[1890-1899]	[1890-1909]	Hwich	0	1	94.8	NA	NA	1.5	NA	NA	NA	NR47	NR	1	R18	R	2	271.084	10.6729	0	6.12714	1	1	0	1	0	1	3	3	3	-94.15671289	17.35587869	-44.44924158	-6.833426969	7.949321975	may_queen_D11	0	0	1	1	0	0	0	1	0	0	0	0	1	1	1	0	1	0	NA	3	3	3	5	3	3	3	11	5	3	unicolor	1	pink	-94.15671289	17.35587869	-44.44924158	-6.833426969	7.949321975
107	mercedes_B1	mercedes	1847	[1840-1849]	[1830-1849]	Hgal	0	1	105.4	NR	1	1	NR170	NR	1	NR242	NR	1	NR252	NR	1	353.307	106.48	0	4.79333	1	1	0	1	1	1	1	3	0	151.2319846	71.05606992	64.76838422	12.43803334	33.43240379	mercedes_B1	1	1	0	1	0	1	0	0	0	0	1	0	0	0	1	0	1	0	2	1	1	NA	5	5	5	2	7	3	3	mixed	0	pink	151.2319846	71.05606992	64.76838422	12.43803334	33.43240379
108	minette_D8	minette	1819	[1810-1819]	[<1800-1829]	C	0	1	55.6	NR	1	1	NR21	NR	1	NR30	NR	1	NR28	NR	1	368.983	78.3367	0	4.93333	1	1	0	1	1	1	0	0	0	156.7693284	-96.34996829	-83.94353609	22.09986752	-69.45953072	minette_D8	0	0	1	1	0	0	1	0	0	0	0	0	1	1	1	0	1	0	2	2	2	2	5	3	3	3	11	5	3	unicolor	1	pink	156.7693284	-96.34996829	-83.94353609	22.09986752	-69.45953072
109	miranda_F10	miranda	1869	[1860-1869]	[1850-1869]	P	0	1	58.75	R	2	1.66	R26	R	2	NR110	NR	1	R46	R	2	251.547	52.04	0	14.7933	1	1	0	1	1	1	3	4	4	52.91025965	13.15035142	20.15879522	-2.531990949	-30.48056713	miranda_F10	0	1	1	NA	NA	0	1	0	0	0	0	0	1	1	1	0	1	0	1	1	2	NA	NA	3	5	3	11	5	3	unicolor	1	pink	52.91025965	13.15035142	20.15879522	-2.531990949	-30.48056713
110	mle_cecile_brunner_D12	mle_cecile_brunner	1880	[1880-1889]	[1870-1889]	Pol	NA	NA	NA	RF	3	2.66	RF12	RF	3	R19	R	2	RF30	RF	3	918.327	47.4333	0	0	1	1	0	1	0	0	0	0	0	-164.4839804	-36.79953984	23.00851818	152.833815	-101.6292943	mle_cecile_brunner_D12	0	0	1	1	0	0	1	0	0	0	0	0	0	1	1	0	1	0	3	2	2	NA	5	3	1	3	5	3	3	unicolor	1	pink	-164.4839804	-36.79953984	23.00851818	152.833815	-101.6292943
111	mme_a_meilland_climbing_E1	mme_a_meilland_climbing	1935	>1910	NA	HT	NA	NA	NA	NA	NA	NA	NA	NA	NA	NA	NA	NA	NA	NA	NA	NA	NA	NA	NA	NA	NA	NA	NA	NA	NA	NA	NA	NA	-130.5839899	-107.6541907	84.3612405	29.12021003	7.494717925	mme_a_meilland_climbing_E1	NA	NA	NA	NA	NA	NA	NA	NA	NA	NA	NA	NA	NA	NA	NA	NA	NA	NA	NA	NA	NA	NA	NA	NA	NA	NA	NA	NA	NA	NA	NA	NA	-130.5839899	-107.6541907	84.3612405	29.12021003	7.494717925
112	mme_antoine_mary_E3	mme_antoine_mari	1890	[1890-1899]	[1890-1909]	T	NA	NA	NA	RF	3	3	NA	NA	NA	RF7	RF	3	RF12	RF	3	0	0	11.41	0	0	0	1	0	0	0	1	0	1	-222.1024838	-113.2859429	77.18669538	121.164302	15.31221179	mme_antoine_mary_E3	0	0	1	0	1	0	1	0	0	0	1	0	0	1	1	0	1	0	NA	2	2	2	7	3	1	4	7	5	3	unicolor	1	pink	-222.1024838	-113.2859429	77.18669538	121.164302	15.31221179
113	mme_d_herbray_E4	mme_d_hebray	1857	[1850-1859]	[1850-1869]	C	0	1	68	NR	1	1	NR163	NR	1	NR234	NR	1	NR244	NR	1	189.393	20.78	0	0	1	1	0	1	0	0	1	0	0	139.8460429	89.73089155	74.80107126	11.8280336	29.56048273	mme_d_herbray_E4	1	1	0	1	0	0	1	0	0	0	0	0	1	0	1	0	1	0	2	3	2	NA	5	7	5	2	11	3	3	mixed	0	pink	139.8460429	89.73089155	74.80107126	11.8280336	29.56048273
114	mme_de_la_roche_lambert_B7	mme_de_la_roche_lambert	1851	[1850-1859]	[1850-1869]	M	0	1	69.4	RF	3	2.66	R17	R	2	RF28	RF	3	RF33	RF	3	1121.42	157.69	0	30.41	1	1	0	1	1	1	5	3	3	88.64582917	62.12020295	73.49665823	-10.11007465	0.74373154	mme_de_la_roche_lambert_B7	1	1	0	1	0	0	1	0	0	0	0	0	1	1	1	0	0	1	1	2	2	NA	5	7	5	2	11	3	3	unicolor	1	purple	88.64582917	62.12020295	73.49665823	-10.11007465	0.74373154
115	mme_e_veyrat_hermanos_G3	mme_e_veyrat_hermanos	1895	[1890-1899]	[1890-1909]	T	0	1	142.8	RF	3	3	NA	NA	NA	RF29	RF	3	RF34	RF	3	94.4133	22.0567	0	0	1	1	0	0	0	0	1	1	1	-204.8173397	-89.88549128	66.75408893	152.1680249	17.63688781	mme_e_veyrat_hermanos_G3	0	0	1	0	1	0	0	1	0	0	1	0	0	0	NA	NA	NA	NA	NA	2	3	NA	7	3	1	4	7	5	3	mixed	0	NA	-204.8173397	-89.88549128	66.75408893	152.1680249	17.63688781
116	mme_edouard_ory_D9	mme_edouard_ory	1854	[1850-1859]	[1850-1869]	M	0	1	79.8	NR	1	1	NR70	NR	1	NR92	NR	1	NR86	NR	1	0	0	1.02	0	0	0	1	0	0	0	4	4	3	22.53314172	35.26647454	55.22004546	-50.48515203	-15.7629949	mme_edouard_ory_D9	1	1	1	1	0	0	1	0	0	0	0	0	1	1	1	0	1	0	1	2	2	NA	5	5	5	3	11	5	3	unicolor	1	pink	22.53314172	35.26647454	55.22004546	-50.48515203	-15.7629949
117	mme_emilie_charon_E5	mme_emilie_charrin	1895	[1890-1899]	[1890-1909]	T	0	1	33	RF	3	3	RF51	RF	3	RF74	RF	3	RF102	RF	3	345.463	59.1	4.03667	0	1	1	1	1	1	0	2	1	2	-239.1279353	-138.2075818	103.5478691	137.8086752	67.97833959	mme_emilie_charon_E5	0	0	1	0	1	0	1	0	0	0	0	0	1	1	1	0	1	0	2	2	2	2	7	3	1	3	11	5	3	unicolor	1	pink	-239.1279353	-138.2075818	103.5478691	137.8086752	67.97833959
118	mme_ernest_calvat_F1	mme_ernest_calvat	1888	[1880-1889]	[1870-1889]	B	0	1	48	NA	NA	NA	NA	NA	NA	NA	NA	NA	NA	NA	NA	NA	NA	NA	NA	NA	NA	NA	NA	NA	NA	NA	NA	NA	-131.0335735	-134.6367399	56.69176292	-38.83615967	-8.835935931	mme_ernest_calvat_F1	NA	NA	NA	NA	NA	NA	NA	NA	NA	NA	NA	NA	NA	NA	NA	NA	NA	NA	NA	NA	NA	NA	NA	NA	NA	NA	NA	NA	NA	NA	NA	NA	-131.0335735	-134.6367399	56.69176292	-38.83615967	-8.835935931
119	mme_hardy_B11	mme_hardy	1832	[1830-1839]	[1830-1849]	D	0	1	97	NR	1	1	NR46	NR	1	NR63	NR	1	NR64	NR	1	564.877	21.9133	0	1.34667	1	1	0	1	0	1	4	0	0	120.1538104	50.55183177	37.82438926	15.41947577	-42.41112539	mme_hardy_B11	1	0	0	1	0	0	1	0	0	0	0	0	1	1	0	1	0	0	2	2	2	2	5	5	3	2	11	3	3	unicolor	1	white	120.1538104	50.55183177	37.82438926	15.41947577	-42.41112539
120	mme_lambard_E8	mme_lambard	1878	[1870-1879]	[1870-1889]	T	0	1	43.4	RF	3	3	RF19	RF	3	RF43	RF	3	RF59	RF	3	0	0	38.58	0	0	0	1	0	0	0	1	1	1	-234.429062	-155.4211407	119.3654605	126.2964691	45.906431	mme_lambard_E8	0	0	0	0	1	0	1	0	0	0	0	0	0	1	1	0	1	0	2	2	2	2	7	3	3	2	5	5	1	unicolor	1	pink	-234.429062	-155.4211407	119.3654605	126.2964691	45.906431
121	mme_legras_de_st_germain_E7	mme_legras_de_st_germain	1846	[1840-1849]	[1830-1849]	A	0	1	93.8	NR	1	1	NR56	NR	1	NR74	NR	1	NR71	NR	1	170.72	97.94	0	1.76667	1	1	0	1	1	1	0	0	0	132.1885497	57.22336843	25.72195592	27.83695549	20.6300504	mme_legras_de_st_germain_E7	0	0	0	1	0	0	0	1	0	0	0	0	1	1	0	1	0	0	3	3	3	3	5	3	1	2	11	5	3	unicolor	1	white	132.1885497	57.22336843	25.72195592	27.83695549	20.6300504
122	mme_zoetmans_E12	mme_zoetmans	unknown	[1840-1849]	[1830-1849]	D	NA	NA	NA	NR	1	1	NR134	NR	1	NR193	NR	1	NR192	NR	1	349.743	158.7	0	0.81	1	1	0	1	1	1	0	0	0	141.7711279	74.51006426	62.97350443	13.05810294	30.96163317	mme_zoetmans_E12	1	0	0	1	0	0	1	0	0	0	0	0	1	1	1	0	1	0	2	2	2	2	5	5	3	2	11	3	5	unicolor	1	pink	141.7711279	74.51006426	62.97350443	13.05810294	30.96163317
123	monsieur_cordeau_H6	monsieur_cordeau	1892	[1890-1899]	[1890-1909]	B	0	1	43.25	RF	3	3	RF35	RF	3	RF61	RF	3	RF83	RF	3	104.838	76.93	0.278	0	1	1	1	1	1	0	5	4	1	-52.45670091	-66.14639701	60.35093628	-128.0675043	-14.83497347	monsieur_cordeau_H6	0	1	1	1	0	1	0	0	1	1	0	0	0	1	1	0	1	0	1	1	1	1	5	3	5	3	3	5	3	unicolor	1	pink	-52.45670091	-66.14639701	60.35093628	-128.0675043	-14.83497347
124	narrow_water_D3	narrow_water	1883	[1880-1889]	[1870-1889]	N	0	0	24	RF	3	3	RF25	RF	3	RF48	RF	3	RF63	RF	3	582.798	32.32	0	0	1	1	0	1	0	0	4	4	4	-175.2118836	71.48093465	-77.3676938	-17.80246843	-156.6899255	narrow_water_D3	0	0	1	0	1	0	1	0	0	0	0	0	0	1	1	0	1	0	2	2	2	2	7	3	1	3	1	3	7	unicolor	1	pink	-175.2118836	71.48093465	-77.3676938	-17.80246843	-156.6899255
125	nathalie_H4	nathalie	1835	[1830-1839]	[1830-1849]	N	0	1	28	RF	3	2.66	RF33	RF	3	R63	R	2	RF77	RF	3	0	0	0	0	0	0	0	0	0	0	4	4	1	-125.1074184	-41.93371826	10.67982019	-18.15785582	27.13864627	nathalie_H4	NA	0	1	1	0	0	1	0	1	1	0	0	0	1	1	0	1	0	2	2	2	2	5	NA	3	4	3	5	3	unicolor	1	pink	-125.1074184	-41.93371826	10.67982019	-18.15785582	27.13864627
126	oeillet_panache_G11	oeillet_panache	1888	[1880-1889]	[1870-1889]	M	0	1	58.6	NA	NA	NA	NA	NA	NA	NA	NA	NA	NA	NA	NA	NA	NA	NA	NA	NA	NA	NA	NA	NA	NA	4	4	0	130.6990329	58.11237576	59.73054648	1.157404935	20.77321604	oeillet_panache_G11	NA	NA	NA	NA	NA	NA	NA	NA	NA	NA	NA	NA	NA	NA	NA	NA	NA	NA	NA	NA	NA	NA	NA	NA	NA	NA	NA	NA	NA	NA	NA	NA	130.6990329	58.11237576	59.73054648	1.157404935	20.77321604
127	old_blush_G12	old_blush	unknown	<1800	[<1800-1829]	China	0	1	26	RF	3	3	RF59	RF	3	RF87	RF	3	RF113	RF	3	NA	NA	NA	NA	NA	NA	NA	NA	NA	NA	NA	NA	NA	-287.9141307	-71.4570681	23.50716184	-68.27613868	51.48969811	old_blush_G12	NA	NA	NA	NA	NA	NA	NA	NA	NA	NA	NA	NA	NA	NA	NA	NA	NA	NA	NA	NA	NA	NA	NA	NA	NA	NA	NA	NA	NA	NA	NA	NA	-287.9141307	-71.4570681	23.50716184	-68.27613868	51.48969811
128	olivet_E2	olivet	1892	[1890-1899]	[1890-1909]	Hmult	0	1	119.4	R	2	1.66	NR183	NR	1	R83	R	2	R104	R	2	0	71.3267	0	0	0	1	0	0	1	0	4	1	4	-57.22617009	11.32250789	11.09324075	-52.42032411	4.987759482	olivet_E2	1	0	0	0	1	0	1	0	0	0	0	0	1	1	1	0	1	0	2	2	2	2	7	5	3	2	11	5	3	unicolor	1	pink	-57.22617009	11.32250789	11.09324075	-52.42032411	4.987759482
129	panache_superbe_F3	panachee_superbe	uncertain	uncertain	NA	Hgal	0	1	65.2	R	2	2	R61	R	2	R87	R	2	NA	NA	NA	484.12	64.05	0	0.223333	1	1	0	1	1	1	1	1	1	-42.14199393	-22.1768344	32.31482098	-71.83905944	9.815827584	panache_superbe_F3	NA	NA	NA	NA	NA	NA	NA	NA	NA	NA	NA	NA	NA	NA	NA	NA	NA	NA	NA	NA	NA	NA	NA	NA	NA	NA	NA	NA	NA	NA	NA	NA	-42.14199393	-22.1768344	32.31482098	-71.83905944	9.815827584
130	paquerette_A2	paquerette	1875	[1870-1879]	[1870-1889]	Pol	0	1	39	RF	3	2.66	RF46	RF	3	RF69	RF	3	R103	R	2	NA	NA	NA	NA	NA	NA	NA	NA	NA	NA	1	0	0	-155.3553591	155.0690659	-160.3999181	-3.427364388	68.0394713	paquerette_A2	0	0	1	0	0	0	0	1	0	0	0	0	0	1	0	1	0	0	3	3	3	3	3	3	1	3	1	1	7	unicolor	1	white	-155.3553591	155.0690659	-160.3999181	-3.427364388	68.0394713
131	parks_yellow_tea_scented_china_C5	parks_yellow_tea_scented_china	unknown	unknown	NA	T	0	1	89.6	NA	NA	1.66	NR143	NR	1	RF58	RF	3	NR212	NR	1	0	8.924	24.144	0	0	0	1	0	0	0	1	0	0	-134.3726962	-59.27094171	41.32494692	148.4483782	40.63334945	parks_yellow_tea_scented_china_C5	0	0	1	0	1	0	0	1	1	1	0	0	0	1	0	1	0	0	2	2	3	NA	7	3	3	3	3	5	3	unicolor	1	white	-134.3726962	-59.27094171	41.32494692	148.4483782	40.63334945
132	pergolese_A5	pergolese	1840	[1840-1849]	[1830-1849]	NA	0	1	84.4	NR	1	1	NR141	NR	1	NR204	NR	1	NR206	NR	1	397.073	104.687	0	0.353333	1	1	0	1	1	1	1	0	0	144.0062179	75.44924327	70.61658493	12.99889455	16.6750155	pergolese_A5	0	0	0	1	0	0	0	1	0	0	0	1	0	1	1	0	1	0	3	3	3	3	5	3	3	2	9	5	3	unicolor	1	pink	144.0062179	75.44924327	70.61658493	12.99889455	16.6750155
133	perle_d_angers_F12	perle_d_angers	1879	[1870-1879]	[1870-1889]	B	0	1	56.5	NR	1	1.33	NR123	NR	1	NR174	NR	1	R68	R	2	255.963	44	0.0833333	0.0966667	1	1	0	1	0	0	5	5	5	-79.13215315	-86.03935113	41.2031213	-108.1579594	7.715414128	perle_d_angers_F12	0	0	0	0	1	0	1	0	0	0	0	0	1	1	1	0	1	0	2	2	2	2	7	3	1	2	11	3	3	unicolor	1	pink	-79.13215315	-86.03935113	41.2031213	-108.1579594	7.715414128
134	persian_yellow_A1	persian_yellow	unknown	unknown	NA	NA	NA	NA	NA	NA	NA	1.66	NR35	NR	1	RF84	RF	3	NR289	NR	1	26.0643	2.88286	0	0	1	0	0	0	0	0	5	4	4	157.4655765	-119.1574874	-104.8176923	44.17202617	21.25147438	persian_yellow_A1	0	0	1	1	0	0	1	0	0	0	1	0	0	1	0	0	0	0	1	1	2	NA	5	3	3	3	7	3	3	unicolor	1	yellow	157.4655765	-119.1574874	-104.8176923	44.17202617	21.25147438
135	petite_ecossaise_F5	petite_ecossaise	1826	[1820-1829]	[<1800-1829]	Hspn	1	0	5	NR	1	1.33	NR107	NR	1	R43	R	2	NR140	NR	1	240.51	22.6	0	31	1	1	0	1	0	1	1	0	0	193.6994482	-169.4549715	-145.0804329	26.57770853	19.23743314	petite_ecossaise_F5	1	0	0	0	1	0	1	0	0	0	0	0	0	1	1	0	1	0	1	3	2	NA	7	5	3	2	1	1	1	unicolor	1	pink	193.6994482	-169.4549715	-145.0804329	26.57770853	19.23743314
136	petite_lisette_E4	petite_lisette	1817	[1810-1819]	[<1800-1829]	A	1	0	5	NR	1	1.33	NR192	NR	1	NR267	NR	1	R80	R	2	NA	NA	NA	NA	NA	NA	NA	NA	NA	NA	4	3	2	123.0420736	21.91617284	18.67434689	23.02370739	-63.24612282	petite_lisette_E4	1	1	0	1	0	0	1	0	0	0	0	1	0	1	1	0	1	0	2	2	2	2	5	5	5	2	9	3	3	unicolor	1	pink	123.0420736	21.91617284	18.67434689	23.02370739	-63.24612282
137	pink_roamer_A4	pink_roamer	1890	[1890-1899]	[1890-1909]	Hwich	1	0	5	NA	NA	NA	NA	NA	NA	NA	NA	NA	NA	NA	NA	NA	NA	NA	NA	NA	NA	NA	NA	NA	NA	0	0	0	-150.5398043	161.0395323	-151.987952	-32.56024458	61.70831836	pink_roamer_A4	0	0	1	0	0	0	1	0	0	0	0	0	0	1	1	0	1	0	NA	NA	2	2	1	3	3	4	1	3	7	unicolor	1	pink	-150.5398043	161.0395323	-151.987952	-32.56024458	61.70831836
138	pompon_blanc_parfait_G6	pompon_blanc_parfait	1876	[1870-1879]	[1870-1889]	A	0	1	109	NA	NA	2.33	RF5	RF	3	NR22	NR	1	RF14	RF	3	410.29	83.018	0	0.534	1	1	0	1	1	1	4	3	4	28.6075611	-34.12779318	-65.78405811	9.386775345	-76.48251705	pompon_blanc_parfait_G6	0	0	0	0	1	0	1	0	0	0	0	0	1	1	0	1	0	0	2	2	2	2	7	3	1	2	11	1	3	unicolor	1	white	28.6075611	-34.12779318	-65.78405811	9.386775345	-76.48251705
139	prince_frederic_D11	prince_frederic	1840	[1840-1849]	[1830-1849]	Hgal	0	1	104.2	NR	1	1	NA	NA	NA	NR223	NR	1	NR234	NR	1	410.29	83.018	0	0.534	1	1	0	1	1	1	1	0	0	6.92280743	86.89237434	11.68827612	-6.2252687	20.41441449	prince_frederic_D11	1	1	0	1	0	0	0	1	0	0	0	0	1	1	1	0	0	1	NA	3	3	3	5	7	5	2	11	3	3	unicolor	1	purple	6.92280743	86.89237434	11.68827612	-6.2252687	20.41441449
140	provence_pink_C2	provence_pink	unknown	<1800	[<1800-1829]	C	0	1	78.8	NR	1	1	NR180	NR	1	NR256	NR	1	NR260	NR	1	596.347	25.36	0	1.80667	1	1	0	1	0	1	4	3	2	124.2099419	23.77224888	22.98375957	7.184981898	-56.613759	provence_pink_C2	0	0	0	1	0	0	0	1	NA	NA	NA	NA	NA	1	1	0	1	0	2	2	3	NA	5	3	3	2	NA	5	3	unicolor	1	pink	124.2099419	23.77224888	22.98375957	7.184981898	-56.613759
141	provins_renoncule_F8	provins_renoncule	1810	[1800-1810]	[<1800-1829]	Hgal	0	1	45	NR	1	1	NR53	NR	1	NR70	NR	1	NR67	NR	1	336.73	39.69	0	0	1	1	0	1	0	0	0	1	2	151.1540785	27.40844842	6.604323437	19.69630984	24.17970982	provins_renoncule_F8	1	0	0	1	0	0	0	1	0	0	0	0	1	1	1	0	1	0	1	1	3	NA	5	5	3	2	11	3	NA	unicolor	1	pink	151.1540785	27.40844842	6.604323437	19.69630984	24.17970982
142	pucelle_de_lille_H8	pucelle_de_lille	1828	[1820-1829]	[<1800-1829]	Hgal	0	1	68	NR	1	1	NR74	NR	1	NR96	NR	1	NR90	NR	1	527.907	208.057	0	3.65	1	1	0	1	1	1	0	1	1	146.8609421	84.84301603	79.04635884	8.367804101	33.73057286	pucelle_de_lille_H8	1	1	0	1	0	1	0	0	0	0	0	0	1	1	1	0	1	0	1	1	1	1	5	7	5	2	11	5	3	unicolor	1	pink	146.8609421	84.84301603	79.04635884	8.367804101	33.73057286
143	quatre_saisons_blanc_mousseux_F3	quatre_saisons_blanc_mousseux	1830	[1830-1839]	[1830-1849]	M	0	1	50	NR	1	1.33	NR206	NR	1	NR68	NR	1	R29	R	2	873.023	137.967	0	7.53	1	1	0	1	1	1	4	3	1	125.8494053	-42.53741876	-24.12804819	12.65582421	-113.7267674	quatre_saisons_blanc_mousseux_F3	1	1	0	NA	NA	0	1	0	0	0	1	0	0	1	1	0	1	0	1	1	2	NA	NA	5	5	2	7	5	5	unicolor	1	pink	125.8494053	-42.53741876	-24.12804819	12.65582421	-113.7267674
144	reine_des_centfeuilles_C3	reine_des_centfeuilles	1824	[1820-1829]	[<1800-1829]	C	0	1	138	NR	1	1	NR124	NR	1	NR176	NR	1	NR173	NR	1	556.768	64.226	0	0.708	1	1	0	1	1	1	0	0	0	115.2088047	38.18554325	37.04741347	15.40943691	-72.98094407	reine_des_centfeuilles_C3	1	0	0	1	0	0	0	1	0	0	0	0	1	1	1	0	1	0	2	2	3	NA	5	7	3	2	11	5	3	unicolor	1	pink	115.2088047	38.18554325	37.04741347	15.40943691	-72.98094407
145	rene_andre_H11	rene_andre	1901	[1900-1909]	[1890-1909]	Hwich	0	1	108	RF	3	2.66	RF10	RF	3	R17	R	2	RF27	RF	3	0.513333	0	0.106667	16.8167	0	0	1	0	0	1	0	0	1	-156.4264048	34.96037437	-34.01559015	118.8962932	65.78149364	rene_andre_H11	0	0	1	0	0	0	0	1	0	0	0	1	0	1	1	0	1	0	3	3	3	3	9	3	3	4	9	3	3	unicolor	1	pink	-156.4264048	34.96037437	-34.01559015	118.8962932	65.78149364
146	robert_le_diable_F12	robert_le_diable	1837	[1830-1839]	[1830-1849]	Hgal	0	1	78.5	NR	1	1	NR122	NR	1	NR172	NR	1	NR170	NR	1	187.473	59.83	0	0.49	1	1	0	1	1	1	0	0	0	149.6965249	77.29480885	74.41923745	8.059512732	34.23840057	robert_le_diable_F12	1	1	0	1	0	0	0	1	0	0	0	1	0	1	1	0	0	1	2	2	3	NA	5	5	5	2	9	5	3	unicolor	1	purple	149.6965249	77.29480885	74.41923745	8.059512732	34.23840057
147	robusta_bourbon_C11	robusta	1877	[1870-1879]	[1870-1889]	B	0	1	36.6	RF	3	2.66	RF41	RF	3	R72	R	2	RF88	RF	3	0.144	6.526	0	0	0	0	0	0	0	0	2	3	3	-207.3112928	-100.0581677	2.758264083	-112.4195715	-23.3480665	robusta_bourbon_C11	0	0	0	0	1	0	1	0	1	1	0	0	0	1	1	0	1	0	2	2	2	2	7	3	3	2	3	5	3	unicolor	1	pink	-207.3112928	-100.0581677	2.758264083	-112.4195715	-23.3480665
148	roi_des_pourpres_E11	roi_des_pourpres	1819	[1810-1819]	[<1800-1829]	Hgal	0	1	57.4	NR	1	1	NA	NA	NA	NR95	NR	1	NR89	NR	1	235.16	314.99	0	6.1	1	1	0	1	1	1	1	0	0	139.3521548	-68.0246628	-74.29767298	48.14053364	-61.16685642	roi_des_pourpres_E11	0	0	0	1	0	0	1	0	0	0	0	0	1	1	1	0	1	0	3	1	2	NA	5	3	3	2	11	5	3	unicolor	1	pink	139.3521548	-68.0246628	-74.29767298	48.14053364	-61.16685642
149	rosa_albertii_G7	rosa_albertii	unknown	botanical	Botanical	Sp	1	0	5	R	2	2	R11	R	2	R11	R	2	R14	R	2	582.487	112.52	0	14.4567	1	1	0	1	1	1	0	0	0	201.4786608	-175.3986064	-148.4436032	20.67395437	19.33451125	rosa_albertii_G7	0	0	0	0	1	0	0	1	1	1	0	0	0	1	1	0	1	0	3	3	3	3	7	3	3	1	3	1	3	unicolor	1	pink	201.4786608	-175.3986064	-148.4436032	20.67395437	19.33451125
150	rosa_arvensis_D8	rosa_arvensis	unknown	botanical	Botanical	Sp	1	0	5	NR	1	1	NR65	NR	1	NR87	NR	1	NR82	NR	1	0.0566667	0	0	0	0	0	0	0	0	0	0	0	0	49.69419965	146.5766623	41.64129482	51.12638796	6.799807617	rosa_arvensis_D8	0	0	0	1	0	0	0	1	1	1	0	0	0	1	0	1	0	0	2	3	3	NA	5	3	3	2	3	1	5	unicolor	1	white	49.69419965	146.5766623	41.64129482	51.12638796	6.799807617
151	rosa_californica_E8	rosa_californica	unknown	botanical	Botanical	Sp	0	0	11.2	NR	1	1	NR25	NR	1	NR35	NR	1	NR33	NR	1	377.126	188.944	0	2.93	1	1	0	1	1	1	0	1	1	-8.789701142	-9.522325083	-202.9980426	-47.67333577	34.6797104	rosa_californica_E8	0	0	0	0	1	0	1	0	1	1	0	0	0	1	1	0	1	0	2	2	2	2	7	3	3	2	3	1	5	unicolor	1	pink	-8.789701142	-9.522325083	-202.9980426	-47.67333577	34.6797104
152	rosa_calocarpa_H10	rosa_calocarpa	1891	[1890-1899]	[1890-1909]	Hrg	1	0	5	NR	1	1.33	NR100	NR	1	NR134	NR	1	R55	R	2	1055.24	230.19	0	16.79	1	1	0	1	1	1	1	0	0	203.6356184	-195.4579018	-166.9013681	12.29931918	21.00986848	rosa_calocarpa_H10	1	1	1	1	0	0	1	0	1	1	0	0	0	1	1	0	1	0	1	1	2	NA	5	5	5	3	3	5	3	unicolor	1	pink	203.6356184	-195.4579018	-166.9013681	12.29931918	21.00986848
153	rosa_centiflora_rosae_G2	rosa_centiflora_rosae	unknown	unknown	NA	NA	NA	NA	NA	R	2	2.33	R21	R	2	RF32	RF	3	R38	R	2	NA	NA	NA	NA	NA	NA	NA	NA	NA	NA	4	5	4	43.22788531	-25.52307704	45.97007725	-47.58270891	-20.39899256	rosa_centiflora_rosae_G2	1	0	0	1	0	1	0	0	0	0	0	0	1	1	1	0	1	0	2	2	1	NA	5	5	3	2	11	5	1	unicolor	1	pink	43.22788531	-25.52307704	45.97007725	-47.58270891	-20.39899256
154	rosa_chinensis_C8	rosa_chinensis	unknown	botanical	Botanical	Sp	1	0	5	R	2	2.5	NA	NA	NA	R22	R	2	RF36	RF	3	615.45	18.9433	0	0	1	1	0	1	0	0	2	0	1	-169.2829021	177.3671489	-183.408864	-48.61083954	56.17317871	rosa_chinensis_C8	NA	NA	NA	NA	NA	NA	NA	NA	NA	NA	NA	NA	NA	NA	NA	NA	NA	NA	NA	NA	NA	NA	NA	NA	NA	NA	NA	NA	NA	NA	NA	NA	-169.2829021	177.3671489	-183.408864	-48.61083954	56.17317871
155	rosa_chinensis_mutabilis_G3	rosa_chinensis_mutabilis	1894	[1890-1899]	[1890-1909]	Ch	NA	NA	NA	NA	NA	NA	NA	NA	NA	NA	NA	NA	NA	NA	NA	NA	NA	NA	NA	NA	NA	NA	NA	NA	NA	NA	NA	NA	-188.8557738	-62.49523523	39.02981232	47.91543159	-33.32328824	rosa_chinensis_mutabilis_G3	0	0	1	1	0	0	1	0	1	1	0	0	0	1	0	1	0	0	NA	2	2	2	5	3	1	3	3	1	7	unicolor	1	white	-188.8557738	-62.49523523	39.02981232	47.91543159	-33.32328824
156	rosa_corymbifera_G6	rosa_corymbifera	unknown	unknown	NA	unknown	NA	NA	NA	NA	NA	NA	NA	NA	NA	NA	NA	NA	NA	NA	NA	NA	NA	NA	NA	NA	NA	NA	NA	NA	NA	NA	NA	NA	112.6291102	16.56094319	-44.60988792	43.70142474	8.856692107	rosa_corymbifera_G6	NA	NA	NA	NA	NA	NA	NA	NA	NA	NA	NA	NA	NA	NA	NA	NA	NA	NA	NA	NA	NA	NA	NA	NA	NA	NA	NA	NA	NA	NA	NA	NA	112.6291102	16.56094319	-44.60988792	43.70142474	8.856692107
157	rosa_cuspidata_G5	rosa_cuspidata	unknown	botanical	Botanical	Sp	1	0	5	NR	1	1	NR200	NR	1	NR276	NR	1	NR285	NR	1	67.6033	46.2533	0	0	1	1	0	0	0	0	3	0	0	-123.7473416	-74.72404525	52.2481904	-138.9682804	-11.04074346	rosa_cuspidata_G5	0	0	1	NA	NA	0	1	0	1	1	0	0	0	1	1	0	1	0	2	2	2	2	NA	3	1	3	3	3	3	unicolor	1	pink	-123.7473416	-74.72404525	52.2481904	-138.9682804	-11.04074346
158	rosa_damascena_bifera_yorklancaster_G8	rosa_damascena_bifera_yorklancaster	unknown	unknown	NA	unknown	NA	NA	NA	NR	1	1	NR276	NR	1	NA	NA	NA	NA	NA	NA	NA	NA	NA	NA	NA	NA	NA	NA	NA	NA	NA	NA	NA	125.8931464	-42.48175497	-24.07740013	12.8336198	-114.3053188	rosa_damascena_bifera_yorklancaster_G8	NA	NA	NA	NA	NA	NA	NA	NA	NA	NA	NA	NA	NA	NA	NA	NA	NA	NA	NA	NA	NA	NA	NA	NA	NA	NA	NA	NA	NA	NA	NA	NA	125.8931464	-42.48175497	-24.07740013	12.8336198	-114.3053188
159	rosa_dupontii_A12	rosa_dupontii	1817	[1810-1819]	[<1800-1829]	NA	1	0	5.4	NR	1	1	NR85	NR	1	NR109	NR	1	NR101	NR	1	1172.24	88.7867	0	0	1	1	0	1	1	0	3	0	3	59.29443411	58.68232886	22.470764	59.79160808	-140.5606507	rosa_dupontii_A12	0	0	0	1	0	0	0	1	0	0	0	0	0	0	0	1	0	0	NA	3	3	3	5	3	1	2	1	5	5	mixed	0	white	59.29443411	58.68232886	22.470764	59.79160808	-140.5606507
160	rosa_ferruginea_C11	rosa_ferruginea	unknown	botanical	Botanical	Sp	1	0	5	R	2	1.66	R34	R	2	NR143	NR	1	R59	R	2	441.82	10.645	0	34.265	1	1	0	1	0	1	2	0	0	205.4350834	-189.9615276	-159.2681551	14.33158278	17.63512606	rosa_ferruginea_C11	0	0	1	1	0	1	0	0	0	0	0	0	0	1	1	0	1	0	2	2	1	NA	5	3	3	3	1	1	3	unicolor	1	pink	205.4350834	-189.9615276	-159.2681551	14.33158278	17.63512606
161	rosa_fortiniana_de_banks_F3	rosa_fortuneana_de_banks	unknown	unknown	NA	NA	0	1	102.2	NR	1	1	NA	NA	NA	NR192	NR	1	NR191	NR	1	NA	NA	NA	NA	NA	NA	NA	NA	NA	NA	1	0	0	124.6542127	-81.69930874	-71.99179985	49.77931809	20.35021058	rosa_fortiniana_de_banks_F3	0	0	1	0	1	1	0	0	0	0	0	0	1	1	0	1	0	0	NA	2	1	NA	7	3	3	3	11	3	1	unicolor	1	white	124.6542127	-81.69930874	-71.99179985	49.77931809	20.35021058
162	rosa_gallica_C4	rosa_gallica	unknown	botanical	Botanical	NA	1	0	5	NA	NA	NA	NA	NA	NA	NA	NA	NA	NA	NA	NA	394.393	84.4633	0	0.176667	1	1	0	1	1	1	NA	NA	NA	181.6864153	-147.7562361	-128.7473697	34.17275682	20.76914129	rosa_gallica_C4	NA	NA	NA	NA	NA	NA	NA	NA	NA	NA	NA	NA	NA	NA	NA	NA	NA	NA	NA	NA	NA	NA	NA	NA	NA	NA	NA	NA	NA	NA	NA	NA	181.6864153	-147.7562361	-128.7473697	34.17275682	20.76914129
163	rosa_holikensis_G10	rosa_holikensis	unknown	botanical	Botanical	Hspn	1	0	5	R	2	2	R31	R	2	R40	R	2	R54	R	2	304.6	6.8	0	92.04	1	0	0	1	0	1	2	0	0	191.6259443	-166.423231	-143.6985368	25.94752939	18.9093008	rosa_holikensis_G10	0	0	0	0	1	0	1	0	0	0	0	0	0	1	0	1	0	0	2	1	2	NA	7	3	3	1	1	1	3	unicolor	1	white	191.6259443	-166.423231	-143.6985368	25.94752939	18.9093008
164	rosa_iwara_A10	rosa_iwara	unknown	unknown	NA	Hrg	1	0	5	R	2	2	R30	R	2	R37	R	2	R51	R	2	432.73	30.17	0	0	1	1	0	1	0	0	1	0	0	41.45147734	-3.780686598	-199.3698891	-7.670016239	49.93273106	rosa_iwara_A10	0	0	1	1	0	0	0	1	0	0	1	0	0	1	0	1	0	0	2	2	3	NA	5	3	3	3	7	1	5	unicolor	1	white	41.45147734	-3.780686598	-199.3698891	-7.670016239	49.93273106
165	rosa_majalis_H2	rosa_majalis	unknown	unknown	NA	NA	NA	NA	NA	NA	NA	NA	NA	NA	NA	NA	NA	NA	NA	NA	NA	NA	NA	NA	NA	NA	NA	NA	NA	NA	NA	NA	NA	NA	208.3717203	-198.280942	-166.7743145	10.44060945	16.79144187	rosa_majalis_H2	NA	NA	NA	NA	NA	NA	NA	NA	NA	NA	NA	NA	NA	NA	NA	NA	NA	NA	NA	NA	NA	NA	NA	NA	NA	NA	NA	NA	NA	NA	NA	NA	208.3717203	-198.280942	-166.7743145	10.44060945	16.79144187
166	rosa_majalis_plena_H11	rosa_majalis_plena	unknown	unknown	NA	NA	0	1	38.4	NA	NA	NA	NA	NA	NA	NA	NA	NA	NA	NA	NA	1.48	78.0433	0	18.4	0	1	0	0	1	1	NA	NA	NA	207.6267606	-204.1119262	-171.400083	7.97091592	18.34259385	rosa_majalis_plena_H11	NA	NA	NA	NA	NA	NA	NA	NA	NA	NA	NA	NA	NA	NA	NA	NA	NA	NA	NA	NA	NA	NA	NA	NA	NA	NA	NA	NA	NA	NA	NA	NA	207.6267606	-204.1119262	-171.400083	7.97091592	18.34259385
167	rosa_manetti_H4	rosa_manetti	1835	[1830-1839]	[1830-1849]	NA	0	1	31.4	NR	1	1	NR98	NR	1	NR130	NR	1	NR125	NR	1	589.457	63.4267	0	0	1	1	0	1	1	0	5	4	4	-84.65738845	-32.4079896	-41.75169203	-28.26061163	-81.58538472	rosa_manetti_H4	0	0	0	1	0	0	1	0	1	1	0	0	0	1	1	0	1	0	2	2	2	2	5	3	1	2	3	3	3	unicolor	1	pink	-84.65738845	-32.4079896	-41.75169203	-28.26061163	-81.58538472
168	rosa_maximowicziana_B9	rosa_maximowicziana	unknown	botanical	Botanical	Sp	1	0	5	NR	1	1	NR68	NR	1	NR90	NR	1	NR84	NR	1	42.7633	79.63	0	0	1	1	0	0	1	0	4	2	0	-50.39509965	137.2198969	-85.77435487	37.16413898	18.62764421	rosa_maximowicziana_B9	1	1	1	0	0	0	0	1	0	0	0	0	0	1	0	1	0	0	1	1	3	NA	1	5	7	3	1	3	3	unicolor	1	white	-50.39509965	137.2198969	-85.77435487	37.16413898	18.62764421
169	rosa_minutifolia_alba_H5	rosa_minutifolia_alba	unknown	botanical	Botanical	NA	NA	NA	NA	NR	1	1	NA	NA	NA	NR175	NR	1	NR172	NR	1	NA	NA	NA	NA	NA	NA	NA	NA	NA	NA	NA	0	0	188.9359121	-169.3476233	-145.1587526	23.64121148	21.61154261	rosa_minutifolia_alba_H5	NA	NA	NA	NA	NA	NA	NA	NA	NA	NA	NA	NA	NA	NA	NA	NA	NA	NA	NA	NA	NA	NA	NA	NA	NA	NA	NA	NA	NA	NA	NA	NA	188.9359121	-169.3476233	-145.1587526	23.64121148	21.61154261
170	rosa_multiflora_carnea_D5	rosa_multiflora_carnea	unknown	unknown	NA	Sp	NA	NA	NA	NR	1	1	NR194	NR	1	NR207	NR	1	NR209	NR	1	711.371	32.3586	0.138571	0	1	1	1	1	0	0	4	4	4	-109.8100246	118.1614223	-103.8419039	10.81760595	-78.13000063	rosa_multiflora_carnea_D5	0	0	1	1	0	0	0	1	0	0	0	0	0	1	0	1	0	0	NA	3	3	3	5	3	3	3	1	1	7	unicolor	1	white	-109.8100246	118.1614223	-103.8419039	10.81760595	-78.13000063
171	rosa_pendulina_oxyodon_H9	rosa_pendulina_oxyodon	unknown	botanical	Botanical	Sp	1	0	5	NA	NA	NA	NA	NA	NA	NA	NA	NA	NA	NA	NA	297.297	95.5433	0	48.23	1	1	0	1	1	1	0	0	0	184.1996114	-161.6471664	-139.5550959	27.80024732	19.59020592	rosa_pendulina_oxyodon_H9	0	0	0	0	1	1	0	0	1	1	0	0	0	1	1	0	1	0	NA	NA	1	1	7	3	1	1	3	3	3	unicolor	1	pink	184.1996114	-161.6471664	-139.5550959	27.80024732	19.59020592
172	rosa_pendulina_pyrenaica_H7	rosa_pendulina_pyrenaica	unknown	botanical	Botanical	Sp	1	0	5.2	NA	NA	1.33	R12	R	2	NR36	NR	1	NR34	NR	1	7.91667	7.99667	0	6.02667	0	0	0	0	0	1	0	0	0	193.9239466	-165.5120062	-144.4224355	28.25063056	21.56039859	rosa_pendulina_pyrenaica_H7	0	0	0	0	1	1	0	0	0	0	0	0	0	1	1	0	1	0	2	3	1	NA	7	3	1	2	1	1	3	unicolor	1	pink	193.9239466	-165.5120062	-144.4224355	28.25063056	21.56039859
173	rosa_pimpinellifolia_double_white_F6	rosa_pimpinellifolia_double_white	1815	[1810-1819]	[<1800-1829]	Hspn	0	0	20.4	NR	1	1.33	NR49	NR	1	NR66	NR	1	R27	R	2	1.03	50.5167	0	3.90667	0	1	0	0	1	1	0	0	2	177.4723455	-141.5075838	-123.8902059	39.14869371	22.53641594	rosa_pimpinellifolia_double_white_F6	1	1	0	0	1	0	0	1	1	1	0	0	0	1	0	1	0	0	3	1	3	NA	7	5	5	1	3	1	1	unicolor	1	white	177.4723455	-141.5075838	-123.8902059	39.14869371	22.53641594
174	rosa_polliniana_A11	rosa_polliniana	unknown	botanical	Botanical	NA	1	0	6.4	NR	1	1.33	NR67	NR	1	NR89	NR	1	R35	R	2	221.727	26.1233	0	0	1	1	0	1	0	0	1	0	0	121.7465752	91.37529081	43.83679434	34.14384165	20.6020702	rosa_polliniana_A11	1	0	0	0	0	0	0	1	0	0	0	0	0	1	1	0	1	0	3	3	3	3	1	5	3	2	1	5	3	unicolor	1	pink	121.7465752	91.37529081	43.83679434	34.14384165	20.6020702
175	rosa_rapini_E5	rosa_rapini	unknown	botanical	Botanical	Sp	1	0	5	NR	1	1	NA	NA	NA	NR146	NR	1	NR138	NR	1	5.85	72.655	0	1.47	0	1	0	0	1	1	5	5	5	166.2041935	-125.4018374	-115.9838124	43.70855496	24.12934374	rosa_rapini_E5	0	0	1	1	0	0	0	1	NA	NA	NA	NA	NA	NA	NA	NA	NA	NA	NA	1	3	NA	5	3	3	3	NA	NA	3	NA	NA	NA	166.2041935	-125.4018374	-115.9838124	43.70855496	24.12934374
176	rosa_rubiginosa_gold_bush_H10	rosa_rubiginosa_gold_bush	1954	>1910	NA	Hrg	NA	NA	NA	NA	NA	NA	NA	NA	NA	NA	NA	NA	NA	NA	NA	NA	NA	NA	NA	NA	NA	NA	NA	NA	NA	NA	NA	NA	-93.60011867	-24.42441022	-48.51421607	6.072496681	-6.577982576	rosa_rubiginosa_gold_bush_H10	NA	NA	NA	NA	NA	NA	NA	NA	NA	NA	NA	NA	NA	NA	NA	NA	NA	NA	NA	NA	NA	NA	NA	NA	NA	NA	NA	NA	NA	NA	NA	NA	-93.60011867	-24.42441022	-48.51421607	6.072496681	-6.577982576
177	rosa_rubus_B8	rosa_rubus	unknown	botanical	Botanical	Sp	1	0	5	NR	1	1	NA	NA	NA	NR80	NR	1	NR78	NR	1	832.68	0	0	0	1	0	0	1	0	0	1	0	0	-52.76592775	107.3601086	-66.49987733	55.58556896	-22.63824114	rosa_rubus_B8	1	0	1	1	0	0	1	0	0	0	0	0	0	1	0	1	0	0	NA	2	2	2	5	5	3	3	1	1	5	unicolor	1	white	-52.76592775	107.3601086	-66.49987733	55.58556896	-22.63824114
178	rosa_spectabilis_H12	rosa_spectabilis	1833	[1830-1839]	[1830-1849]	Hsem	0	1	71.8	NR	1	1	NR193	NR	1	NR269	NR	1	NR279	NR	1	117.233	0	0	0	1	0	0	1	0	0	4	3	3	-97.08990483	100.9511123	-18.72147345	10.45739721	-83.29345613	rosa_spectabilis_H12	0	0	1	0	0	0	1	0	0	0	0	0	1	1	1	0	1	0	NA	NA	2	2	9	3	3	3	11	3	3	unicolor	1	pink	-97.08990483	100.9511123	-18.72147345	10.45739721	-83.29345613
179	rosa_subgallicodes_E3	rosa_subgallicodes	unknown	botanical	Botanical	Sp	1	0	5	NR	1	1	NR130	NR	1	NR186	NR	1	NR184	NR	1	319.83	0.393333	0	0	1	0	0	1	0	0	0	0	0	40.38239119	138.7470482	27.85077503	54.47320537	3.043440469	rosa_subgallicodes_E3	0	0	1	1	0	0	0	1	0	0	0	0	0	1	0	1	0	0	3	3	3	3	5	3	3	3	1	3	7	unicolor	1	white	40.38239119	138.7470482	27.85077503	54.47320537	3.043440469
180	rosa_villosa_recondita_C5	rosa_villosa_recondita	unknown	botanical	Botanical	Sp	1	0	5	NR	1	1	NR118	NR	1	NR164	NR	1	NR159	NR	1	NA	NA	NA	NA	NA	NA	NA	NA	NA	NA	1	0	0	69.88534558	100.8015096	-2.522139081	-1.158989921	36.07983553	rosa_villosa_recondita_C5	0	0	0	1	0	1	0	0	1	1	0	0	0	1	1	0	1	0	2	2	1	NA	5	3	1	2	3	5	3	unicolor	1	pink	69.88534558	100.8015096	-2.522139081	-1.158989921	36.07983553
181	rosa_wichurana_C9	rosa_wichurana	unknown	botanical	Botanical	Sp	1	0	5	NR	1	1	NR69	NR	1	NR91	NR	1	NR85	NR	1	30.09	70.52	0	0	1	1	0	0	1	0	0	0	0	-93.8449159	168.3867206	-140.6023612	18.95350275	52.67401567	rosa_wichurana_C9	0	0	1	0	0	0	0	1	0	0	0	0	0	1	0	1	0	0	1	1	3	NA	1	3	3	4	1	1	3	unicolor	1	white	-93.8449159	168.3867206	-140.6023612	18.95350275	52.67401567
182	rose_edouard_D7	rose_edouard	unknown	unknown	NA	B	0	1	48.4	R	2	2.33	RF42	RF	3	R77	R	2	R93	R	2	835.77	68.59	0	0	1	1	0	1	1	0	5	4	2	-84.83972123	-92.34726472	2.312909932	-67.04444723	-25.74689038	rose_edouard_D7	NA	0	0	0	1	0	1	0	0	0	1	0	0	1	1	0	1	0	2	2	2	2	7	NA	3	2	7	3	1	unicolor	1	pink	-84.83972123	-92.34726472	2.312909932	-67.04444723	-25.74689038
183	ruby_queen_H3	ruby_queen	1901	[1900-1909]	[1890-1909]	Hwich	0	1	45	NA	NA	NA	NA	NA	NA	NA	NA	NA	NA	NA	NA	0.433333	8.37667	0	30.9633	0	0	0	0	0	1	1	0	0	-49.62701151	-65.82489039	48.9192334	-115.1480726	-6.29463874	ruby_queen_H3	0	0	1	NA	NA	0	1	0	1	1	0	0	0	1	1	0	1	0	NA	NA	2	2	NA	3	3	4	3	3	3	unicolor	1	pink	-49.62701151	-65.82489039	48.9192334	-115.1480726	-6.29463874
184	safrano_H7	safrano	1839	[1830-1839]	[1830-1849]	T	NA	NA	NA	R	2	2.33	R3	R	2	R3	R	2	RF9	RF	3	NA	NA	NA	NA	NA	NA	NA	NA	NA	NA	0	0	0	-93.43549772	-124.0744246	71.80561623	-78.53771193	-5.457095355	safrano_H7	NA	NA	NA	NA	NA	NA	NA	NA	NA	NA	NA	NA	NA	NA	NA	NA	NA	NA	NA	NA	NA	NA	NA	NA	NA	NA	NA	NA	NA	NA	NA	NA	-93.43549772	-124.0744246	71.80561623	-78.53771193	-5.457095355
185	salet_C10	salet	1854	[1850-1859]	[1850-1869]	M	0	1	130.4	RF	3	3	RF9	RF	3	RF22	RF	3	RF25	RF	3	398.41	3.96667	0	0	1	0	0	1	0	0	4	5	3	-6.249489551	-42.20323179	38.90214825	-68.88583419	-6.689053018	salet_C10	0	1	1	1	0	1	0	0	0	0	0	0	1	1	1	0	1	0	2	2	1	NA	5	3	5	3	11	5	3	unicolor	1	pink	-6.249489551	-42.20323179	38.90214825	-68.88583419	-6.689053018
186	sidonie_F6	sidonie	1845	[1840-1849]	[1830-1849]	D	0	1	137.4	RF	3	2.66	RF44	RF	3	R2	R	2	RF6	RF	3	684.712	47.8522	0	2.99222	1	1	0	1	0	1	4	4	4	26.43414523	48.99975998	17.64275171	-3.002747953	-69.12903414	sidonie_F6	0	0	1	1	0	0	1	0	0	0	0	0	1	1	1	0	1	0	NA	2	2	2	5	3	3	3	11	5	3	unicolor	1	pink	26.43414523	48.99975998	17.64275171	-3.002747953	-69.12903414
187	sir_joseph_paxton_C1	sir_joseph_paxton	1851	[1850-1859]	[1850-1869]	B	0	1	94.8	RF	3	3	RF37	RF	3	RF62	RF	3	RF85	RF	3	480.463	13.9067	0	0	1	1	0	1	0	0	3	1	0	-176.8225814	-111.761923	0.016555347	-120.8191663	-6.179511739	sir_joseph_paxton_C1	0	0	0	1	0	0	1	0	1	1	0	0	0	1	1	0	1	0	2	2	2	2	5	3	3	2	3	5	3	unicolor	1	pink	-176.8225814	-111.761923	0.016555347	-120.8191663	-6.179511739
188	south_orange_perfection_H2	south_orange_perfection	1898	[1890-1899]	[1890-1909]	Hwich	0	1	35.2	NA	NA	NA	NA	NA	NA	NA	NA	NA	NA	NA	NA	0.27	35.73	0	34.67	0	1	0	0	0	1	0	0	0	-156.1144439	167.6036713	-159.7485976	-23.73625323	45.21631812	south_orange_perfection_H2	0	0	1	1	0	0	0	1	0	0	0	0	0	1	1	0	1	0	NA	NA	3	3	5	3	3	4	1	1	7	unicolor	1	pink	-156.1144439	167.6036713	-159.7485976	-23.73625323	45.21631812
189	souvenir_de_brod_B12	souvenir_de_brod	1886	[1880-1889]	[1870-1889]	Hset	0	1	142.8	NR	1	1	NR144	NR	1	NR210	NR	1	NR213	NR	1	238.07	55.6533	0	0	1	1	0	1	1	0	4	5	4	-14.11903777	5.347801647	10.60596262	-36.47511217	-35.76859022	souvenir_de_brod_B12	1	0	1	1	0	0	0	1	0	0	1	0	0	1	1	0	0	1	2	2	3	NA	5	5	3	3	7	5	5	unicolor	1	purple	-14.11903777	5.347801647	10.60596262	-36.47511217	-35.76859022
190	souvenir_de_la_reine_dangleterre_E7	souvenir_de_la_reine_dangleterre	1855	[1850-1859]	[1850-1869]	HP	NA	NA	NA	NA	NA	NA	NA	NA	NA	NA	NA	NA	NA	NA	NA	NA	NA	NA	NA	NA	NA	NA	NA	NA	NA	NA	NA	NA	-82.27004445	-44.24371668	43.86396612	-96.77084565	13.62910989	souvenir_de_la_reine_dangleterre_E7	NA	NA	NA	NA	NA	NA	NA	NA	NA	NA	NA	NA	NA	NA	NA	NA	NA	NA	NA	NA	NA	NA	NA	NA	NA	NA	NA	NA	NA	NA	NA	NA	-82.27004445	-44.24371668	43.86396612	-96.77084565	13.62910989
191	souvenir_de_lucie_A3	souvenir_de_lucie	1893	[1890-1899]	[1890-1909]	N	NA	NA	NA	NR	1	1	NR177	NR	1	NR181	NR	1	NR178	NR	1	179.254	83.408	0	0	1	1	0	1	1	0	4	4	4	-14.71831592	-31.69139858	53.15334139	-59.17370158	-14.57064069	souvenir_de_lucie_A3	0	0	0	1	0	0	1	0	0	0	0	0	1	1	1	0	1	0	NA	2	2	2	5	3	3	2	11	5	3	unicolor	1	pink	-14.71831592	-31.69139858	53.15334139	-59.17370158	-14.57064069
192	souvenir_de_philemon_cochet_F9	souvenir_de_philemon_cochet	1899	[1890-1899]	[1890-1909]	Hrg	NA	NA	NA	RF	3	3	RF17	RF	3	RF38	RF	3	RF51	RF	3	425.857	62.5229	0	0.05	1	1	0	1	1	0	1	0	0	206.4884895	-201.8493504	-170.453438	13.22429438	22.34151847	souvenir_de_philemon_cochet_F9	1	1	1	1	0	0	1	0	0	0	0	0	1	1	0	1	0	0	1	1	2	NA	5	5	5	3	11	5	3	unicolor	1	white	206.4884895	-201.8493504	-170.453438	13.22429438	22.34151847
193	stanwell_perpetual_D11	stanwell_perpetual	1835	[1830-1839]	[1830-1849]	Hspn	0	1	54.8	RF	3	3	RF15	RF	3	RF31	RF	3	RF39	RF	3	348.88	39.4529	0	3.53714	1	1	0	1	0	1	3	1	2	-10.35010506	19.5143752	23.14435439	-55.05267643	-8.618588735	stanwell_perpetual_D11	1	1	0	1	0	0	0	1	0	0	0	0	0	1	0	1	0	0	3	3	3	3	5	7	5	1	1	5	3	unicolor	1	white	-10.35010506	19.5143752	23.14435439	-55.05267643	-8.618588735
194	the_garland_D6	the_garland	1835	[1830-1839]	[1830-1849]	Hmult	0	0	23	NR	1	1	NR47	NR	1	NR64	NR	1	NR65	NR	1	758.077	66.62	0	0	1	1	0	1	1	0	0	0	1	-112.3304807	74.18683276	-65.44298566	51.05376836	-239.8983339	the_garland_D6	0	0	1	1	0	0	0	1	0	0	0	0	0	1	0	1	0	0	3	3	3	3	5	3	3	3	1	1	7	unicolor	1	white	-112.3304807	74.18683276	-65.44298566	51.05376836	-239.8983339
195	tom_wood_D1	tom_wood	1896	[1890-1899]	[1890-1909]	HP	0	1	42.8	R	2	2.5	NA	NA	NA	R86	R	2	RF99	RF	3	0	78.54	0	0	0	1	0	0	1	0	3	4	4	-112.5197299	-71.08705802	49.74902905	-146.2920632	-14.25608954	tom_wood_D1	0	0	0	NA	NA	1	0	0	0	0	0	0	1	1	1	0	1	0	NA	1	1	1	NA	3	1	2	11	3	NA	unicolor	1	pink	-112.5197299	-71.08705802	49.74902905	-146.2920632	-14.25608954
196	toussaint_l_ouverture_H2	toussaint_l_ouverture	1849	[1840-1849]	[1830-1849]	B	0	1	62.8	NR	1	1	NR186	NR	1	NR261	NR	1	NR266	NR	1	270.6	95.9833	0	12.2833	1	1	0	1	1	1	4	0	0	148.2921027	74.10007383	70.59767832	5.253179301	19.3697896	toussaint_l_ouverture_H2	1	1	0	1	0	1	0	0	0	0	0	0	1	1	1	0	1	0	2	1	1	NA	5	7	7	2	11	3	3	unicolor	1	pink	148.2921027	74.10007383	70.59767832	5.253179301	19.3697896
197	triomphe_de_l_exposition_A8	triomphe_de_l_exposition	1855	[1850-1859]	[1850-1869]	HP	0	1	64.6	R	2	2.33	R9	R	2	RF14	RF	3	R12	R	2	411.728	34.536	0	0	1	1	0	1	0	0	3	3	1	-20.28361073	-31.59465701	59.4106486	-72.78796479	-16.544311	triomphe_de_l_exposition_A8	1	0	0	1	0	0	0	1	0	0	0	0	1	1	1	0	1	0	2	2	3	NA	5	5	3	2	11	5	3	unicolor	1	pink	-20.28361073	-31.59465701	59.4106486	-72.78796479	-16.544311
198	tuscany_superb_C10	tuscany_superb	1837	[1830-1839]	[1830-1849]	Hgal	0	1	53.6	NR	1	1	NA	NA	NA	NR113	NR	1	NR104	NR	1	293.217	88.2933	0	3.02	1	1	0	1	1	1	0	0	0	151.6113985	69.1130607	69.55662332	6.408049806	33.41737034	tuscany_superb_C10	NA	NA	NA	NA	NA	NA	NA	NA	NA	NA	NA	NA	NA	NA	NA	NA	NA	NA	NA	NA	NA	NA	NA	NA	NA	NA	NA	NA	NA	NA	NA	NA	151.6113985	69.1130607	69.55662332	6.408049806	33.41737034
199	una_G12	una	1898	[1890-1899]	[1890-1909]	NA	0	0	10.4	NR	1	1.33	NR174	NR	1	NR249	NR	1	R99	R	2	0.783333	0.943333	0.703333	0	0	0	1	0	0	0	3	5	1	-77.21381121	6.143432485	61.44463877	83.97048278	15.22689964	una_G12	0	1	0	0	1	0	1	0	0	0	0	0	0	1	0	1	0	0	2	2	2	2	7	3	5	2	1	5	3	unicolor	1	white	-77.21381121	6.143432485	61.44463877	83.97048278	15.22689964
200	victor_verdier_H6	victor_verdier	1859	[1850-1859]	[1850-1869]	HP	NA	NA	NA	NA	NA	NA	NA	NA	NA	NA	NA	NA	NA	NA	NA	NA	NA	NA	NA	NA	NA	NA	NA	NA	NA	NA	NA	NA	-24.93654381	-51.64097978	96.88302909	-89.20511268	54.63590532	victor_verdier_H6	NA	NA	NA	NA	NA	NA	NA	NA	NA	NA	NA	NA	NA	NA	NA	NA	NA	NA	NA	NA	NA	NA	NA	NA	NA	NA	NA	NA	NA	NA	NA	NA	-24.93654381	-51.64097978	96.88302909	-89.20511268	54.63590532
201	virago_C8	virago	1887	[1880-1889]	[1870-1889]	Hset	0	1	110.8	NR	1	1	NR22	NR	1	NR31	NR	1	NR29	NR	1	327.294	0	0	0	1	0	0	1	0	0	4	0	1	65.81067166	-28.63126903	48.31029003	-46.41262852	-6.542313936	virago_C8	1	0	0	1	0	0	1	0	0	0	1	0	0	1	1	0	1	0	2	3	2	NA	5	5	1	2	7	3	3	unicolor	1	pink	65.81067166	-28.63126903	48.31029003	-46.41262852	-6.542313936
202	vivid_B5	vivid	1853	[1850-1859]	[1850-1869]	B	0	1	85.6	NR	1	1	NR138	NR	1	NR200	NR	1	NR201	NR	1	390.803	95.1467	0	0.633333	1	1	0	1	1	1	1	0	0	-17.44467344	-11.66734431	32.42198178	-63.20023331	-24.72850169	vivid_B5	1	0	0	1	0	0	0	1	0	0	0	0	1	1	1	0	1	0	2	2	3	NA	5	5	3	2	11	3	3	unicolor	1	pink	-17.44467344	-11.66734431	32.42198178	-63.20023331	-24.72850169
203	william_lobb_D10	william_lobb	1855	[1850-1859]	[1850-1869]	M	0	1	54.2	NR	1	1	NA	NA	NA	NR112	NR	1	NR103	NR	1	NA	NA	NA	NA	NA	NA	NA	NA	NA	NA	1	3	3	-14.18050054	33.50551441	-15.51862532	-65.06735536	-32.29130725	william_lobb_D10	1	1	0	1	0	0	1	0	1	1	0	0	0	1	1	0	0	1	NA	2	2	2	5	7	7	2	3	3	3	unicolor	1	purple	-14.18050054	33.50551441	-15.51862532	-65.06735536	-32.29130725
204	wodan_F5	wodan	1890	[1890-1899]	[1890-1909]	Hmult	0	1	28.2	R	2	1.66	R49	R	2	R64	R	2	NR214	NR	1	NA	NA	NA	NA	NA	NA	NA	NA	NA	NA	5	3	2	-78.05939058	-8.966228466	-40.67080443	-69.82808684	4.006962004	wodan_F5	1	1	1	0	1	0	1	0	1	1	0	0	0	1	1	0	0	0	2	2	2	2	7	5	5	3	3	5	3	unicolor	1	red	-78.05939058	-8.966228466	-40.67080443	-69.82808684	4.006962004
